   -1.0000,   -0.6400,   -0.8644,   -1.0000,   -0.3704,    0.1550,    0.2832,   -0.4616,   -1.0000,   -0.5840,   -0.4255,    1.0000,   -0.8206,    0.4222,
   -0.9995,   -1.0000,   -0.5154,   -1.0000,   -0.6543,    0.0960,    0.5654,   -0.3021,   -0.9130,   -0.7901,    0.1064,    1.0000,   -0.5911,    0.3689,
   -0.9995,   -1.0000,   -0.5154,   -1.0000,   -0.6543,    0.3888,    0.1988,   -0.3021,   -0.9130,   -0.7901,    0.1064,    0.9795,   -0.8731,    0.6600,
   -0.9994,   -1.0000,   -0.8739,   -1.0000,   -0.6996,    0.3171,   -0.1164,   -0.1029,   -0.8261,   -0.8664,    0.2979,    0.9886,   -0.9332,    0.6311,
   -0.9986,   -1.0000,   -0.8739,   -1.0000,   -0.6996,    0.3742,    0.0566,   -0.1029,   -0.8261,   -0.8664,    0.2979,    1.0000,   -0.8013,    0.6933,
   -0.9995,   -1.0000,   -0.8739,   -1.0000,   -0.6996,    0.0994,    0.1493,   -0.1029,   -0.8261,   -0.8664,    0.2979,    0.9860,   -0.8079,    0.5267,
   -0.9982,   -0.7500,   -0.4567,   -1.0000,   -0.4280,   -0.0607,    0.3120,   -0.1942,   -0.6522,   -0.5267,   -0.4468,    0.9934,   -0.4095,    0.3978,
   -0.9969,   -0.7500,   -0.4567,   -1.0000,   -0.4280,    0.0006,    0.9197,   -0.1232,   -0.6522,   -0.5267,   -0.4468,    1.0000,   -0.0386,    0.4911,
   -0.9954,   -0.7500,   -0.4567,   -1.0000,   -0.4280,   -0.2067,    1.0000,   -0.0993,   -0.6522,   -0.5267,   -0.4468,    0.9482,    0.5563,    0.2556,
   -0.9963,   -0.7500,   -0.4567,   -1.0000,   -0.4280,   -0.0638,    0.7096,   -0.0065,   -0.6522,   -0.5267,   -0.4468,    0.9486,   -0.1518,    0.3089,
   -0.9951,   -0.7500,   -0.4567,   -1.0000,   -0.4280,    0.0791,    0.8826,   -0.0512,   -0.6522,   -0.5267,   -0.4468,    0.9779,    0.0331,    0.2222,
   -0.9975,   -0.7500,   -0.4567,   -1.0000,   -0.4280,   -0.0619,    0.6478,   -0.0730,   -0.6522,   -0.5267,   -0.4468,    1.0000,   -0.3631,    0.3089,
   -0.9980,   -0.7500,   -0.4567,   -1.0000,   -0.4280,   -0.1079,   -0.2564,   -0.2141,   -0.6522,   -0.5267,   -0.4468,    0.9677,   -0.2285,    0.3711,
   -0.9860,   -1.0000,   -0.4370,   -1.0000,   -0.3704,   -0.0849,    0.2132,   -0.3493,   -0.7391,   -0.5420,    0.7872,    1.0000,   -0.6396,    0.3422,
   -0.9858,   -1.0000,   -0.4370,   -1.0000,   -0.3704,   -0.0285,    0.6807,   -0.3940,   -0.7391,   -0.5420,    0.7872,    0.9149,   -0.5292,    0.2933,
   -0.9860,   -1.0000,   -0.4370,   -1.0000,   -0.3704,   -0.1290,    0.1040,   -0.3873,   -0.7391,   -0.5420,    0.7872,    0.9935,   -0.6280,    0.3311,
   -0.9765,   -1.0000,   -0.4370,   -1.0000,   -0.3704,   -0.0902,   -0.4562,   -0.3873,   -0.7391,   -0.5420,    0.7872,    0.9493,   -0.7323,    0.4022,
   -0.9825,   -1.0000,   -0.4370,   -1.0000,   -0.3704,   -0.0692,    0.6231,   -0.4311,   -0.7391,   -0.5420,    0.7872,    0.9488,   -0.2859,    0.2778,
   -0.9821,   -1.0000,   -0.4370,   -1.0000,   -0.3704,   -0.2738,   -0.3059,   -0.5150,   -0.7391,   -0.5420,    0.7872,    0.4558,   -0.4503,    0.3378,
   -0.9838,   -1.0000,   -0.4370,   -1.0000,   -0.3704,   -0.1700,    0.3718,   -0.5150,   -0.7391,   -0.5420,    0.7872,    0.9700,   -0.4730,    0.2933,
   -0.9720,   -1.0000,   -0.4370,   -1.0000,   -0.3704,   -0.2301,    0.9609,   -0.5147,   -0.7391,   -0.5420,    0.7872,    0.8975,    0.0646,    0.1911,
   -0.9810,   -1.0000,   -0.4370,   -1.0000,   -0.3704,   -0.0788,    0.7775,   -0.4757,   -0.7391,   -0.5420,    0.7872,    0.9780,   -0.3322,    0.3244,
   -0.9724,   -1.0000,   -0.4370,   -1.0000,   -0.3704,   -0.0109,    0.8290,   -0.4822,   -0.7391,   -0.5420,    0.7872,    1.0000,   -0.0624,    0.2267,
   -0.9779,   -1.0000,   -0.4370,   -1.0000,   -0.3704,   -0.1370,    1.0000,   -0.4606,   -0.7391,   -0.5420,    0.7872,    0.9881,    0.0017,    0.2111,
   -0.9833,   -1.0000,   -0.4370,   -1.0000,   -0.3704,   -0.0945,    0.8785,   -0.4053,   -0.7391,   -0.5420,    0.7872,    0.9870,   -0.1959,    0.2356,
   -0.9812,   -1.0000,   -0.4370,   -1.0000,   -0.3704,   -0.2190,    0.7055,   -0.3953,   -0.7391,   -0.5420,    0.7872,    0.5286,   -0.1843,    0.1978,
   -0.9850,   -1.0000,   -0.4370,   -1.0000,   -0.3704,   -0.1370,    0.8002,   -0.3539,   -0.7391,   -0.5420,    0.7872,    0.8990,   -0.2781,    0.2578,
   -0.9787,   -1.0000,   -0.4370,   -1.0000,   -0.3704,   -0.0473,    0.7693,   -0.3955,   -0.7391,   -0.5420,    0.7872,    0.5435,   -0.1418,    0.2178,
   -0.9828,   -1.0000,   -0.4370,   -1.0000,   -0.3704,    0.1244,    0.8847,   -0.3953,   -0.7391,   -0.5420,    0.7872,    0.9548,   -0.3891,    0.2978,
   -0.9776,   -1.0000,   -0.4370,   -1.0000,   -0.3704,    0.1929,    0.7384,   -0.4345,   -0.7391,   -0.5420,    0.7872,    0.9159,   -0.4343,    0.3556,
   -0.9747,   -1.0000,   -0.4370,   -1.0000,   -0.3704,   -0.1753,    0.8785,   -0.4356,   -0.7391,   -0.5420,    0.7872,    0.8148,    0.1518,    0.1711,
   -0.9697,   -1.0000,   -0.4370,   -1.0000,   -0.3704,   -0.0377,    1.0000,   -0.4461,   -0.7391,   -0.5420,    0.7872,    0.8983,   -0.3758,    0.2111,
   -0.9689,   -1.0000,   -0.4370,   -1.0000,   -0.3704,   -0.0845,    0.6292,   -0.4798,   -0.7391,   -0.5420,    0.7872,    0.1714,    0.4338,    0.1822,
   -0.9743,   -1.0000,   -0.4370,   -1.0000,   -0.3704,   -0.1799,    0.8970,   -0.5167,   -0.7391,   -0.5420,    0.7872,    0.8077,   -0.0828,    0.1800,
   -0.9639,   -1.0000,   -0.4370,   -1.0000,   -0.3704,   -0.0285,    0.9361,   -0.5216,   -0.7391,   -0.5420,    0.7872,    0.2506,    0.0270,    0.1889,
   -0.9987,   -1.0000,   -0.5968,   -1.0000,   -0.5309,   -0.0910,    0.3450,   -0.5943,   -0.6522,   -0.6489,    0.4043,    1.0000,   -0.5613,    0.3089,
   -0.9980,   -1.0000,   -0.5968,   -1.0000,   -0.5309,   -0.1263,    0.2049,   -0.5911,   -0.6522,   -0.6489,    0.4043,    0.9025,   -0.4658,    0.3333,
   -0.9983,   -1.0000,   -0.5968,   -1.0000,   -0.5309,   -0.1228,   -0.2049,   -0.4899,   -0.6522,   -0.6489,    0.4043,    1.0000,   -0.6115,    0.3556,
   -0.9962,   -1.0000,   -0.5968,   -1.0000,   -0.5309,   -0.0784,   -0.4377,   -0.5057,   -0.6522,   -0.6489,    0.4043,    0.9825,   -0.5364,    0.4378,
   -0.9995,    0.5000,   -0.8174,   -1.0000,   -0.8230,    0.1627,   -0.6107,   -0.2231,   -0.8261,   -0.7519,    0.2128,    0.9936,   -0.8571,    0.5733,
   -0.9994,    0.5000,   -0.8174,   -1.0000,   -0.8230,    0.3271,   -0.7343,   -0.2231,   -0.8261,   -0.7519,    0.2128,    0.9935,   -0.9862,    0.6644,
   -0.9973,   -1.0000,   -0.5271,   -1.0000,   -0.7407,    0.2297,   -1.0000,   -0.1650,   -0.8261,   -0.8244,    0.1277,    0.9421,   -0.8284,    0.4800,
   -0.9970,   -1.0000,   -0.5271,   -1.0000,   -0.7407,   -0.0006,   -0.9238,   -0.1650,   -0.8261,   -0.8244,    0.1277,    0.9318,   -0.7748,    0.4511,
   -0.9966,   -1.0000,   -0.5271,   -1.0000,   -0.7407,    0.0155,   -0.9258,   -0.1650,   -0.8261,   -0.8244,    0.1277,    0.9877,   -0.6849,    0.4378,
   -0.9974,   -1.0000,   -0.5271,   -1.0000,   -0.7407,   -0.0389,   -0.2358,   -0.1650,   -0.8261,   -0.8244,    0.1277,    0.9621,   -0.5684,    0.3600,
   -0.9963,   -1.0000,   -0.5271,   -1.0000,   -0.7407,   -0.1872,   -0.3635,   -0.2778,   -0.8261,   -0.8244,    0.1277,    1.0000,   -0.5320,    0.3178,
   -0.9959,   -1.0000,   -0.5271,   -1.0000,   -0.7407,   -0.1473,   -0.3738,   -0.2778,   -0.8261,   -0.8244,    0.1277,    1.0000,   -0.3146,    0.3333,
   -0.9950,   -1.0000,   -0.5271,   -1.0000,   -0.7407,   -0.0538,    0.7013,   -0.1707,   -0.8261,   -0.8244,    0.1277,    0.9790,   -0.0579,    0.2578,
   -0.9944,   -1.0000,   -0.5271,   -1.0000,   -0.7407,   -0.2957,    0.9032,   -0.1379,   -0.8261,   -0.8244,    0.1277,    1.0000,    0.6049,    0.2089,
   -0.9952,   -1.0000,   -0.5271,   -1.0000,   -0.7407,   -0.2179,    0.2173,   -0.0983,   -0.8261,   -0.8244,    0.1277,    1.0000,   -0.2014,    0.3200,
   -0.9981,   -0.5800,   -0.6202,   -1.0000,   -0.7778,   -0.0795,   -0.1184,    0.0339,   -0.7391,   -0.7863,   -0.1064,    0.9932,   -0.3532,    0.3267,
   -0.9992,   -0.5800,   -0.6202,   -1.0000,   -0.7778,   -0.0213,    0.2379,    0.0339,   -0.7391,   -0.7863,   -0.1064,    0.9852,   -0.5751,    0.3444,
   -0.9989,   -0.5800,   -0.6202,   -1.0000,   -0.7778,    0.1305,   -0.6251,    0.0339,   -0.7391,   -0.7863,   -0.1064,    1.0000,   -0.8041,    0.4444,
   -0.9990,   -0.5800,   -0.6202,   -1.0000,   -0.7778,   -0.0661,   -0.6189,    0.0339,   -0.7391,   -0.7863,   -0.1064,    1.0000,   -0.6302,    0.4089,
   -0.9998,    0.5000,   -0.7405,   -1.0000,   -0.8971,   -0.1083,   -0.0793,    0.1258,   -0.8261,    0.0763,    0.8085,    1.0000,   -0.2787,    0.3089,
   -0.9998,    0.8000,   -0.9443,   -1.0000,   -0.9259,    0.4133,   -0.6087,    0.3762,   -0.6522,   -0.8511,    0.1277,    0.9951,   -0.8300,    0.6756,
   -0.9997,    0.7000,   -0.9795,   -1.0000,   -0.8971,    0.0814,   -0.3244,    0.4655,   -0.9130,   -0.5191,    0.0000,    1.0000,   -0.7770,    0.4378,
   -0.9998,    1.0000,   -0.9370,   -1.0000,   -0.8930,    0.2474,   -0.2255,    0.3086,   -0.6522,   -0.7366,   -0.4681,    0.9798,   -0.8775,    0.5911,
   -0.9967,   -0.5000,   -0.6576,   -1.0000,   -0.7202,   -0.0098,   -0.4583,    0.2158,   -0.3913,   -0.6298,    0.5106,    0.9686,   -0.7169,    0.4067,
   -0.9978,   -0.5000,   -0.6576,   -1.0000,   -0.7202,   -0.0933,   -0.0875,    0.0553,   -0.3913,   -0.6298,    0.5106,    1.0000,   -0.5866,    0.3244,
   -0.9968,   -0.5000,   -0.6576,   -1.0000,   -0.7202,   -0.1646,    0.3038,    0.1086,   -0.3913,   -0.6298,    0.5106,    0.9910,   -0.3698,    0.3044,
   -0.9963,   -0.5000,   -0.6576,   -1.0000,   -0.7202,   -0.0784,    0.8641,    0.0346,   -0.3913,   -0.6298,    0.5106,    0.9051,   -0.2986,    0.2444,
   -0.9977,   -0.5000,   -0.6576,   -1.0000,   -0.7202,    0.1094,    0.3368,    0.1087,   -0.3913,   -0.6298,    0.5106,    1.0000,   -0.7241,    0.3822,
   -0.9973,   -0.5000,   -0.6576,   -1.0000,   -0.7202,    0.2267,   -0.1658,    0.2460,   -0.3913,   -0.6298,    0.5106,    0.9933,   -0.5712,    0.4444,
   -0.9997,   -0.6500,   -0.9326,   -1.0000,   -0.8720,    0.3577,    0.1658,    0.4719,   -0.8261,   -0.8893,    0.2766,    0.9815,   -0.6512,    0.6222,
   -0.9993,    0.6000,   -0.7867,   -1.0000,   -0.9465,    0.0458,   -0.6931,   -0.0030,   -0.7391,   -0.4275,   -0.2553,    1.0000,   -0.8377,    0.4111,
   -0.9992,    0.6000,   -0.7867,   -1.0000,   -0.9465,   -0.1470,   -0.4192,   -0.0030,   -0.7391,   -0.4275,   -0.2553,    1.0000,   -0.5304,    0.3200,
   -0.9988,   -0.7500,   -0.5887,   -1.0000,   -0.9012,   -0.1121,   -0.6189,   -0.0237,   -0.7391,   -0.3969,    0.3404,    0.9965,   -0.6485,    0.3778,
   -0.9971,   -0.7500,   -0.5887,   -1.0000,   -0.9012,   -0.2209,   -0.3018,   -0.0237,   -0.7391,   -0.3969,    0.3404,    1.0000,   -0.3731,    0.2756,
   -0.9973,   -0.7500,   -0.5887,   -1.0000,   -0.9012,   -0.1094,   -0.3800,   -0.0237,   -0.7391,   -0.3969,    0.3404,    1.0000,   -0.6104,    0.3533,
   -0.9982,   -1.0000,   -0.2412,   -1.0000,   -0.8848,    0.0945,   -0.9238,   -0.2438,   -0.7391,   -0.5496,    0.4043,    0.9336,   -0.7246,    0.4267,
   -0.9966,   -1.0000,   -0.2412,   -1.0000,   -0.8848,   -0.0803,   -0.6993,   -0.2438,   -0.7391,   -0.5496,    0.4043,    0.8993,   -0.5502,    0.3711,
   -0.9981,   -1.0000,   -0.2412,   -1.0000,   -0.8848,   -0.0404,   -0.8991,   -0.2438,   -0.7391,   -0.5496,    0.4043,    0.9698,   -0.7908,    0.3956,
   -0.9957,   -1.0000,   -0.2412,   -1.0000,   -0.8848,    0.0285,   -0.9320,   -0.2438,   -0.7391,   -0.5496,    0.4043,    0.9005,   -0.6794,    0.4089,
   -0.9984,   -1.0000,   -0.0931,   -1.0000,   -0.7860,    0.0393,   -0.9361,   -0.4322,   -0.6522,   -0.1947,    0.2979,    0.9900,   -0.7213,    0.4244,
   -0.9980,   -1.0000,   -0.0931,   -1.0000,   -0.7860,    0.0443,   -0.1329,   -0.3866,   -0.6522,   -0.1947,    0.2979,    0.9311,   -0.6021,    0.3644,
   -0.9979,   -1.0000,   -0.0931,   -1.0000,   -0.7860,    0.0416,    0.4748,   -0.4685,   -0.6522,   -0.1947,    0.2979,    0.8828,   -0.4349,    0.3333,
   -0.9982,   -1.0000,   -0.0931,   -1.0000,   -0.7860,   -0.0117,   -0.1164,   -0.4615,   -0.6522,   -0.1947,    0.2979,    0.9499,   -0.5287,    0.3511,
   -0.9989,   -1.0000,   -0.0931,   -1.0000,   -0.7860,    0.0236,    0.0463,   -0.2935,   -0.6522,   -0.1947,    0.2979,    0.9470,   -0.4145,    0.3600,
   -0.9983,   -1.0000,   -0.0931,   -1.0000,   -0.7860,   -0.1136,   -0.3059,   -0.3866,   -0.6522,   -0.1947,    0.2979,    0.9958,   -0.5933,    0.3400,
   -0.9992,   -0.5000,   -0.6774,   -1.0000,   -0.8313,    0.2133,   -0.3697,   -0.2232,   -0.7391,   -0.6412,    0.3617,    1.0000,   -0.8035,    0.5111,
   -0.9991,   -0.5000,   -0.6774,   -1.0000,   -0.8313,    0.1719,    0.3903,   -0.2232,   -0.7391,   -0.6412,    0.3617,    0.9936,   -0.6970,    0.4200,
   -0.9993,   -0.5000,   -0.6774,   -1.0000,   -0.8313,    0.0504,   -0.3965,   -0.2232,   -0.7391,   -0.6412,    0.3617,    1.0000,   -0.7246,    0.4400,
   -0.9993,   -0.5000,   -0.6774,   -1.0000,   -0.8313,   -0.0013,   -0.0978,   -0.2232,   -0.7391,   -0.6412,    0.3617,    0.9684,   -0.6810,    0.3978,
   -0.9990,   -1.0000,   -0.7045,   -1.0000,   -0.7366,    0.0837,   -0.0711,   -0.3362,   -0.8261,   -0.7710,    0.2553,    1.0000,   -0.5646,    0.4200,
   -0.9989,   -1.0000,   -0.7045,   -1.0000,   -0.7366,    0.1761,    0.0958,   -0.3984,   -0.8261,   -0.7710,    0.2553,    0.9768,   -0.7351,    0.4800,
   -0.9990,   -1.0000,   -0.7045,   -1.0000,   -0.7366,   -0.0596,   -0.1308,   -0.4003,   -0.8261,   -0.7710,    0.2553,    0.9954,   -0.3858,    0.3889,
   -0.9985,   -1.0000,   -0.7045,   -1.0000,   -0.7366,   -0.0190,    0.1102,   -0.5239,   -0.8261,   -0.7710,    0.2553,    0.9912,   -0.6297,    0.3822,
   -0.9989,   -1.0000,   -0.7837,   -1.0000,   -0.5720,    0.3206,    0.7178,   -0.5831,   -0.9130,   -0.6832,    0.1064,    1.0000,   -0.7919,    0.4133,
   -0.9990,   -1.0000,   -0.7837,   -1.0000,   -0.5720,    0.3482,    0.2400,   -0.5844,   -0.9130,   -0.6832,    0.1064,    0.9958,   -0.7809,    0.5267,
   -0.9991,   -1.0000,   -0.7837,   -1.0000,   -0.5720,    0.0945,    0.3018,   -0.6430,   -0.9130,   -0.6832,    0.1064,    0.9762,   -0.6093,    0.3911,
   -0.9993,   -1.0000,   -0.7837,   -1.0000,   -0.5720,    0.0899,    0.4624,   -0.6431,   -0.9130,   -0.6832,    0.1064,    0.9831,   -0.6429,    0.3778,
   -0.9992,   -0.4400,    0.0689,   -1.0000,   -0.6749,    0.1040,    0.0443,   -0.5387,   -0.7391,   -0.6832,    0.1915,    0.9905,   -0.6451,    0.3978,
   -0.9995,   -0.4400,    0.0689,   -1.0000,   -0.6749,    0.0155,   -0.4645,   -0.5387,   -0.7391,   -0.6832,    0.1915,    0.9971,   -0.7528,    0.4444,
   -0.9992,   -0.4400,    0.0689,   -1.0000,   -0.6749,    0.0301,    0.5324,   -0.5480,   -0.7391,   -0.6832,    0.1915,    1.0000,   -0.5110,    0.3467,
   -0.9974,   -1.0000,   -0.8218,   -1.0000,   -0.7531,    0.1742,    0.1308,   -0.5698,   -0.9130,   -0.6603,    0.1489,    0.8037,   -0.7285,    0.5200,
   -0.9976,   -1.0000,   -0.8218,   -1.0000,   -0.7531,   -0.0029,    0.3738,   -0.5698,   -0.9130,   -0.6603,    0.1489,    0.9744,   -0.4696,    0.3644,
   -0.9974,   -1.0000,   -0.8218,   -1.0000,   -0.7531,    0.7275,    0.5057,   -0.5698,   -0.9130,   -0.6603,    0.1489,    1.0000,   -0.8631,    0.7489,
   -0.9983,   -1.0000,   -0.8218,   -1.0000,   -0.7531,    0.6321,   -0.2997,   -0.5698,   -0.9130,   -0.6603,    0.1489,    0.9830,   -0.8985,    0.8622,
   -0.9986,   -1.0000,   -0.8218,   -1.0000,   -0.7531,    0.4773,    0.2276,   -0.5698,   -0.9130,   -0.6603,    0.1489,    1.0000,   -0.7539,    0.6267,
   -0.9968,   -1.0000,   -0.4062,   -1.0000,   -0.4444,    0.2133,    0.5860,   -0.7002,   -0.6522,   -0.2481,    0.7660,    0.9892,   -0.5756,    0.5000,
   -0.9976,   -1.0000,   -0.4062,   -1.0000,   -0.4444,    0.2340,    0.4089,   -0.6860,   -0.6522,   -0.2481,    0.7660,    0.9933,   -0.6722,    0.4778,
   -0.9950,   -1.0000,   -0.4062,   -1.0000,   -0.4444,    0.0899,    0.6993,   -0.7117,   -0.6522,   -0.2481,    0.7660,   -0.6446,   -0.5088,    0.3022,
   -0.9954,   -1.0000,   -0.4062,   -1.0000,   -0.4444,   -0.0128,    0.7405,   -0.7117,   -0.6522,   -0.2481,    0.7660,    0.9877,   -0.3538,    0.3178,
   -0.9970,   -1.0000,   -0.4062,   -1.0000,   -0.4444,   -0.0013,    0.7940,   -0.7651,   -0.6522,   -0.2481,    0.7660,    0.9788,   -0.4150,    0.3356,
   -0.9972,   -1.0000,   -0.4062,   -1.0000,   -0.4444,   -0.1224,    0.9320,   -0.8223,   -0.6522,   -0.2481,    0.7660,    0.9856,   -0.1865,    0.3222,
   -0.9963,   -1.0000,   -0.4062,   -1.0000,   -0.4444,   -0.1282,    0.8332,   -0.8033,   -0.6522,   -0.2481,    0.7660,    0.9938,   -0.0657,    0.3222,
   -0.9972,   -1.0000,   -0.4062,   -1.0000,   -0.4444,   -0.0167,    0.6952,   -0.8194,   -0.6522,   -0.2481,    0.7660,    0.9536,   -0.3179,    0.3422,
   -0.9973,   -1.0000,   -0.4062,   -1.0000,   -0.4444,    0.1163,    0.9403,   -0.7630,   -0.6522,   -0.2481,    0.7660,    0.9916,   -0.4183,    0.3289,
   -0.9942,   -1.0000,   -0.4062,   -1.0000,   -0.4444,    0.0224,    0.8187,   -0.7426,   -0.6522,   -0.2481,    0.7660,    0.9714,   -0.2373,    0.3200,
   -0.9977,   -1.0000,   -0.4062,   -1.0000,   -0.4444,    0.0094,    0.0608,   -0.7002,   -0.6522,   -0.2481,    0.7660,    0.9828,   -0.3780,    0.3711,
   -0.9979,   -1.0000,   -0.2999,   -1.0000,   -0.3333,    0.2087,    0.6210,   -0.7185,   -0.5652,   -0.0649,    0.1064,    0.9934,   -0.5348,    0.3956,
   -0.9974,   -1.0000,   -0.2999,   -1.0000,   -0.3333,   -0.0987,    0.8538,   -0.7774,   -0.5652,   -0.0649,    0.1064,    0.9902,   -0.2009,    0.3067,
   -0.9951,   -1.0000,   -0.2999,   -1.0000,   -0.3333,   -0.0301,    0.9053,   -0.7420,   -0.5652,   -0.0649,    0.1064,    1.0000,   -0.1523,    0.3044,
   -0.9969,   -1.0000,   -0.2999,   -1.0000,   -0.3333,    0.0320,    0.6746,   -0.7951,   -0.5652,   -0.0649,    0.1064,    0.9588,   -0.5188,    0.3000,
   -0.9963,   -1.0000,   -0.2999,   -1.0000,   -0.3333,   -0.0929,    0.7570,   -0.7575,   -0.5652,   -0.0649,    0.1064,    0.7378,   -0.2257,    0.2956,
   -0.9972,   -1.0000,   -0.2999,   -1.0000,   -0.3333,    0.0021,    0.4336,   -0.7089,   -0.5652,   -0.0649,    0.1064,    0.9818,   -0.4310,    0.3600,
   -0.9967,   -1.0000,   -0.2999,   -1.0000,   -0.3333,   -0.0573,    0.6416,   -0.7058,   -0.5652,   -0.0649,    0.1064,    0.9879,   -0.5270,    0.3156,
   -0.9972,   -1.0000,   -0.2999,   -1.0000,   -0.3333,   -0.1144,    0.4459,   -0.7549,   -0.5652,   -0.0649,    0.1064,    0.7061,   -0.2472,    0.3422,
   -0.9969,   -1.0000,   -0.2999,   -1.0000,   -0.3333,   -0.1684,    0.2832,   -0.7036,   -0.5652,   -0.0649,    0.1064,    0.9728,   -0.3444,    0.3178,
   -0.9986,   -1.0000,    0.8468,   -1.0000,   -0.1934,   -0.1152,    0.3759,   -0.7948,   -0.9130,   -0.9962,    0.3830,    0.9609,   -0.3024,    0.3778,
   -0.9985,   -1.0000,    0.8468,   -1.0000,   -0.1934,   -0.0638,    0.6725,   -0.8058,   -0.9130,   -0.9962,    0.3830,    0.9030,   -0.3079,    0.3400,
   -0.9981,   -1.0000,    0.8468,   -1.0000,   -0.1934,   -0.0803,    0.8538,   -0.8259,   -0.9130,   -0.9962,    0.3830,    0.9051,   -0.1060,    0.3444,
   -0.9968,   -1.0000,    0.8468,   -1.0000,   -0.1934,   -0.1205,    0.9382,   -0.8518,   -0.9130,   -0.9962,    0.3830,    0.8659,    0.3068,    0.2733,
   -0.9979,   -1.0000,    0.8468,   -1.0000,   -0.1934,   -0.1117,    0.9135,   -0.8406,   -0.9130,   -0.9962,    0.3830,    0.9116,   -0.1253,    0.3067,
   -0.9963,   -1.0000,    0.8468,   -1.0000,   -0.1934,   -0.0707,    0.7611,   -0.8430,   -0.9130,   -0.9962,    0.3830,    0.9401,   -0.2781,    0.3644,
   -0.9914,   -1.0000,    0.8468,   -1.0000,   -0.1934,   -0.2136,    0.9094,   -0.8859,   -0.9130,   -0.9962,    0.3830,    0.8103,    0.4089,    0.2378,
   -0.9943,   -1.0000,    0.5711,   -1.0000,   -0.0165,   -0.1830,    0.9176,   -0.8802,   -0.7391,   -0.0458,    0.8298,    0.9758,   -0.1468,    0.2489,
   -0.9928,   -1.0000,    0.5711,   -1.0000,   -0.0165,    0.0998,    0.9753,   -0.8758,   -0.7391,   -0.0458,    0.8298,    1.0000,   -0.2461,    0.2889,
   -0.9803,   -1.0000,    0.5711,   -1.0000,   -0.0165,   -0.2044,    0.8908,   -0.8454,   -0.7391,   -0.0458,    0.8298,    1.0000,   -0.0833,    0.2067,
   -0.9925,   -1.0000,    0.5711,   -1.0000,   -0.0165,    0.1102,    0.9773,   -0.8201,   -0.7391,   -0.0458,    0.8298,    0.9906,   -0.4001,    0.3156,
   -0.9733,   -1.0000,    0.5711,   -1.0000,   -0.0165,    0.0596,    0.9526,   -0.7924,   -0.7391,   -0.0458,    0.8298,    1.0000,   -0.4189,    0.3244,
   -0.9869,   -1.0000,    0.5711,   -1.0000,   -0.0165,    0.0772,    0.9567,   -0.7822,   -0.7391,   -0.0458,    0.8298,    0.9438,   -0.4818,    0.4000,
   -0.9927,   -1.0000,    0.5711,   -1.0000,   -0.0165,   -0.1336,    0.9053,   -0.7562,   -0.7391,   -0.0458,    0.8298,    0.9586,   -0.2660,    0.2978,
   -0.9782,   -1.0000,    0.5711,   -1.0000,   -0.0165,   -0.1585,    0.9670,   -0.7788,   -0.7391,   -0.0458,    0.8298,    0.3235,   -0.1402,    0.2356,
   -0.9876,   -1.0000,    0.5711,   -1.0000,   -0.0165,    0.0630,    0.9629,   -0.8216,   -0.7391,   -0.0458,    0.8298,    0.9888,   -0.1595,    0.2911,
   -0.9929,   -1.0000,    0.5711,   -1.0000,   -0.0165,   -0.0876,    0.8661,   -0.8477,   -0.7391,   -0.0458,    0.8298,    0.9059,   -0.1628,    0.2756,
   -0.9922,   -1.0000,    0.5711,   -1.0000,   -0.0165,    0.1086,    0.9670,   -0.8690,   -0.7391,   -0.0458,    0.8298,    0.9858,   -0.2903,    0.2689,
   -0.9945,   -1.0000,    0.5711,   -1.0000,   -0.0165,   -0.1201,    0.9629,   -0.9020,   -0.7391,   -0.0458,    0.8298,    0.9755,    0.0811,    0.1844,
   -0.9879,   -1.0000,    0.5711,   -1.0000,   -0.0165,   -0.0075,    0.9567,   -0.9020,   -0.7391,   -0.0458,    0.8298,    1.0000,   -0.0767,    0.2844,
   -0.9936,   -1.0000,    0.5711,   -1.0000,   -0.0165,    0.0013,    0.8682,   -0.9123,   -0.7391,   -0.0458,    0.8298,    0.9555,    0.2379,    0.2000,
   -0.9635,   -1.0000,    0.5711,   -1.0000,   -0.0165,   -0.4413,    1.0000,   -0.9437,   -0.7391,   -0.0458,    0.8298,    1.0000,    0.8035,    0.2089,
   -0.9255,   -1.0000,    0.4018,    1.0000,    1.0000,   -0.2941,    1.0000,   -0.9651,   -0.6522,   -0.1756,   -0.5532,    1.0000,    0.3847,    0.1867,
   -0.9080,   -1.0000,    0.4018,   -1.0000,    1.0000,   -0.2692,    1.0000,   -0.9487,   -0.6522,   -0.1756,   -0.5532,    1.0000,    0.3626,    0.2356,
   -0.9377,   -1.0000,    0.4018,   -1.0000,    1.0000,   -0.4857,    0.9547,   -0.9607,   -0.6522,   -0.1756,   -0.5532,    1.0000,    0.5210,    0.1511,
   -0.9467,   -1.0000,    0.4018,   -1.0000,    1.0000,   -0.0155,    1.0000,   -0.9473,   -0.6522,   -0.1756,   -0.5532,   -0.1296,    0.4387,    0.1956,
   -0.9517,   -1.0000,    0.4018,   -1.0000,    1.0000,   -0.2079,    1.0000,   -0.9296,   -0.6522,   -0.1756,   -0.5532,   -0.1480,   -0.1766,    0.2356,
   -0.9469,   -1.0000,    0.4018,   -1.0000,    1.0000,   -0.4769,    0.9114,   -0.9398,   -0.6522,   -0.1756,   -0.5532,    0.9738,    0.5342,    0.2133,
   -0.9477,   -1.0000,    0.4018,   -1.0000,    1.0000,   -0.3773,    0.8723,   -0.9273,   -0.6522,   -0.1756,   -0.5532,    0.7987,    0.4674,    0.2844,
   -0.9387,   -1.0000,    0.4018,   -1.0000,    1.0000,   -0.2198,    0.8950,   -0.9280,   -0.6522,   -0.1756,   -0.5532,    0.7728,    0.0883,    0.2311,
   -0.9629,   -1.0000,    0.4018,   -1.0000,    1.0000,   -0.0186,    0.9444,   -0.9112,   -0.6522,   -0.1756,   -0.5532,    0.8785,   -0.3173,    0.3667,
   -0.9665,   -1.0000,    0.4018,   -1.0000,    1.0000,   -0.2937,    1.0000,   -0.9160,   -0.6522,   -0.1756,   -0.5532,    0.7211,   -0.3626,    0.3244,
   -0.9748,   -1.0000,    0.4018,    1.0000,    1.0000,   -0.4440,    0.7528,   -0.9126,   -0.6522,   -0.1756,   -0.5532,    0.7296,   -0.4266,    0.2289,
   -0.9518,   -1.0000,    0.4018,   -1.0000,    1.0000,   -0.1769,    0.9691,   -0.9102,   -0.6522,   -0.1756,   -0.5532,    0.3194,   -0.2241,    0.3200,
   -0.9684,   -1.0000,    0.4018,    1.0000,    1.0000,   -0.0159,    0.9176,   -0.8873,   -0.6522,   -0.1756,   -0.5532,    0.6173,   -0.2610,    0.2667,
   -0.9207,   -1.0000,    0.4018,    1.0000,    1.0000,   -0.0071,    0.6416,   -0.8880,   -0.6522,   -0.1756,   -0.5532,   -0.5578,   -0.2666,    0.2356,
   -0.9451,   -1.0000,    0.4018,   -1.0000,    1.0000,   -0.3443,    0.8764,   -0.8896,   -0.6522,   -0.1756,   -0.5532,   -0.5546,   -0.2047,    0.1800,
   -0.9726,   -1.0000,    0.4018,   -1.0000,   -0.0947,    0.2960,    0.9464,   -0.8640,   -0.6522,   -0.1756,   -0.5532,    0.8312,   -0.8422,    0.8067,
   -0.9700,   -1.0000,    0.4018,   -1.0000,   -0.0947,   -0.0400,    1.0000,   -0.8858,   -0.6522,   -0.1756,   -0.5532,    0.7831,   -0.7406,    0.4289,
   -0.9681,   -1.0000,    0.4018,   -1.0000,    1.0000,    0.1301,    1.0000,   -0.8843,   -0.6522,   -0.1756,   -0.5532,    0.8356,   -0.6876,    0.4067,
   -0.9715,   -1.0000,    0.4018,    1.0000,   -0.0947,    0.0305,    0.8476,   -0.8784,   -0.6522,   -0.1756,   -0.5532,    0.7076,   -0.7919,    0.4889,
   -0.9672,   -1.0000,    0.4018,   -1.0000,   -0.0947,    0.5053,    0.8105,   -0.8470,   -0.6522,   -0.1756,   -0.5532,    0.8867,   -1.0000,    1.0000,
   -0.9589,   -1.0000,    0.4018,    1.0000,   -0.0947,    0.6252,    0.9629,   -0.8343,   -0.6522,   -0.1756,   -0.5532,    0.9632,   -0.9895,    1.0000,
   -0.9660,   -1.0000,    0.4018,    1.0000,   -0.0947,    0.8448,    0.8744,   -0.8122,   -0.6522,   -0.1756,   -0.5532,    0.9574,   -0.9123,    1.0000,
   -0.9497,   -1.0000,    0.4018,   -1.0000,   -0.0947,   -0.1213,    0.8311,   -0.7650,   -0.6522,   -0.1756,   -0.5532,    0.9910,   -0.4531,    0.3933,
   -0.9344,   -1.0000,    0.4018,   -1.0000,   -0.0947,   -0.0266,    0.8558,   -0.7902,   -0.6522,   -0.1756,   -0.5532,    0.2095,   -0.5541,    0.4444,
   -0.9550,   -1.0000,    0.4018,   -1.0000,   -0.0947,    0.6739,    0.9217,   -0.8334,   -0.6522,   -0.1756,   -0.5532,    0.8608,   -0.8913,    1.0000,
   -0.9597,   -1.0000,    0.4018,   -1.0000,   -0.0947,   -0.1125,    0.5716,   -0.7642,   -0.6522,   -0.1756,   -0.5532,    0.1463,   -0.4255,    0.4178,
   -0.9484,   -1.0000,    0.4018,   -1.0000,   -0.0947,    0.0569,    0.9197,   -0.8235,   -0.6522,   -0.1756,   -0.5532,    0.4966,   -0.4829,    0.4178,
   -0.9451,   -1.0000,    0.4018,   -1.0000,   -0.0947,    0.0887,    0.9011,   -0.7940,   -0.6522,   -0.1756,   -0.5532,    0.6628,   -0.4708,    0.3844,
   -0.9730,   -1.0000,    0.4018,   -1.0000,   -0.0947,   -0.1132,    0.8888,   -0.7642,   -0.6522,   -0.1756,   -0.5532,    0.4724,   -0.2991,    0.2756,
   -0.9481,   -1.0000,    0.4018,   -1.0000,   -0.0947,   -0.1113,    0.9444,   -0.7710,   -0.6522,   -0.1756,   -0.5532,    0.7540,   -0.4316,    0.3133,
   -0.9970,   -1.0000,   -0.7368,   -1.0000,   -0.4856,   -0.2294,    0.7631,   -0.7333,   -0.6522,   -0.5840,   -0.1489,    1.0000,   -0.2848,    0.4022,
   -0.9981,   -1.0000,   -0.7368,   -1.0000,   -0.4856,    0.0941,    0.6725,   -0.7242,   -0.6522,   -0.5840,   -0.1489,    0.9929,   -0.5966,    0.4133,
   -0.9982,   -1.0000,   -0.7368,   -1.0000,   -0.4856,   -0.1194,    0.3553,   -0.7140,   -0.6522,   -0.5840,   -0.1489,    0.9815,   -0.5635,    0.3911,
   -0.9986,   -1.0000,   -0.7368,   -1.0000,   -0.4856,    0.1439,   -0.3780,   -0.6358,   -0.6522,   -0.5840,   -0.1489,    0.9700,   -0.8013,    0.5422,
   -0.9986,   -1.0000,   -0.7368,   -1.0000,   -0.4856,   -0.0577,   -0.0875,   -0.5589,   -0.6522,   -0.5840,   -0.1489,    0.9815,   -0.5375,    0.4044,
   -0.9989,   -1.0000,   -0.7368,   -1.0000,   -0.4856,    0.0554,    0.4521,   -0.6021,   -0.6522,   -0.5840,   -0.1489,    0.9934,   -0.7483,    0.4356,
   -0.9986,   -1.0000,   -0.7368,   -1.0000,   -0.4856,    0.2642,    0.4727,   -0.6752,   -0.6522,   -0.5840,   -0.1489,    0.9716,   -0.7136,    0.5533,
   -0.9988,   -1.0000,   -0.8534,   -1.0000,   -0.5761,    0.3102,    0.1432,   -0.6909,   -0.8261,   -0.9771,    0.1064,    1.0000,   -0.8173,    0.7156,
   -0.9987,   -1.0000,   -0.8534,   -1.0000,   -0.5761,    0.6110,    0.6560,   -0.7069,   -0.8261,   -0.9771,    0.1064,    0.9932,   -0.6783,    0.7733,
   -0.9986,   -1.0000,   -0.8534,   -1.0000,   -0.5761,   -0.0102,    0.2214,   -0.7330,   -0.8261,   -0.9771,    0.1064,    1.0000,   -0.5740,    0.6933,
   -0.9981,   -1.0000,   -0.8534,   -1.0000,   -0.5761,    0.3773,    0.8393,   -0.7143,   -0.8261,   -0.9771,    0.1064,    0.9860,   -0.8295,    0.7311,
   -0.9979,   -1.0000,   -0.8534,   -1.0000,   -0.5761,    0.1504,    0.9094,   -0.6877,   -0.8261,   -0.9771,    0.1064,    1.0000,   -0.7820,    0.6111,
   -0.9983,   -1.0000,   -0.8534,   -1.0000,   -0.5761,   -0.2171,    0.7899,   -0.6620,   -0.8261,   -0.9771,    0.1064,    0.9702,   -0.3240,    0.4756,
   -0.9988,   -1.0000,   -0.8534,   -1.0000,   -0.5761,   -0.0067,    0.3574,   -0.6090,   -0.8261,   -0.9771,    0.1064,    0.9506,   -0.3698,    0.5467,
   -0.9989,   -1.0000,   -0.8534,   -1.0000,   -0.5761,    0.6363,    0.0443,   -0.6236,   -0.8261,   -0.9771,    0.1064,    0.9785,   -0.8499,    1.0000,
   -0.9984,   -0.1000,   -0.7815,   -1.0000,   -0.7860,    0.2343,   -0.2132,   -0.5164,   -0.6522,   -0.1947,   -0.4468,    0.9847,   -0.7268,    0.6000,
   -0.9973,   -0.1000,   -0.7815,   -1.0000,   -0.7860,    0.1477,   -0.4604,   -0.3749,   -0.6522,   -0.1947,   -0.4468,    0.9291,   -0.8438,    0.5511,
   -0.9983,   -0.1000,   -0.7815,   -1.0000,   -0.7860,    0.3888,   -0.2585,   -0.3749,   -0.6522,   -0.1947,   -0.4468,    1.0000,   -0.7980,    0.6644,
   -0.9981,   -0.1000,   -0.7815,   -1.0000,   -0.7860,    0.2991,   -0.6169,   -0.0270,   -0.6522,   -0.1947,   -0.4468,    0.9031,   -0.8140,    0.7111,
   -0.9986,   -0.1000,   -0.7815,   -1.0000,   -0.7860,    0.2179,   -0.4253,   -0.0270,   -0.6522,   -0.1947,   -0.4468,    0.9637,   -0.8366,    0.5667,
   -0.9982,   -0.1000,   -0.7815,   -1.0000,   -0.7860,    0.3861,   -0.5180,   -0.0270,   -0.6522,   -0.1947,   -0.4468,    0.9677,   -0.9371,    0.6978,
   -0.9997,    0.2000,   -0.8189,   -1.0000,   -0.9342,    0.2412,   -0.8558,   -0.0743,   -1.0000,   -0.7023,   -0.3617,    0.9822,   -0.8179,    0.5800,
   -0.9998,    0.2000,   -0.8189,   -1.0000,   -0.9342,    0.1661,   -0.6725,   -0.0743,   -1.0000,   -0.7023,   -0.3617,    0.8981,   -0.8538,    0.5356,
   -0.9998,    0.6000,   -1.0000,   -1.0000,   -0.8477,    0.6532,   -0.4006,   -0.1782,   -0.7391,   -0.7405,   -0.6170,    0.9865,   -0.9316,    1.0000,
   -0.9992,    0.6000,   -0.9223,   -1.0000,   -0.9218,    0.4279,   -0.3574,    0.1238,   -0.9130,   -0.4580,   -1.0000,    1.0000,   -0.8703,    0.6289,
   -0.9991,    0.6000,   -0.9223,   -1.0000,   -0.9218,    0.3589,   -0.3059,    0.1238,   -0.9130,   -0.4580,   -1.0000,    0.7852,   -0.6203,    0.5622,
   -0.9993,    0.6000,   -0.9223,   -1.0000,   -0.9218,    0.4229,   -0.2709,    0.1238,   -0.9130,   -0.4580,   -1.0000,    0.9763,   -0.7301,    0.6578,
   -0.9994,    0.9000,   -0.9260,   -1.0000,   -0.9259,    0.3083,   -0.7446,    0.1865,   -0.8261,   -0.1794,   -0.0638,    1.0000,   -0.8438,    0.6644,
   -0.9997,    0.9000,   -0.9260,   -1.0000,   -0.9259,    0.3696,   -0.7734,    0.1865,   -0.8261,   -0.1794,   -0.0638,    0.9365,   -0.8499,    0.6200,
   -0.9994,    0.6500,   -0.8849,   -1.0000,   -0.8765,   -0.0033,   -0.2688,   -0.0651,   -0.9130,   -0.3855,   -0.5532,    0.9842,   -0.6854,    0.4244,
   -0.9997,    0.6500,   -0.8849,   -1.0000,   -0.8765,    0.5516,   -0.7364,   -0.0651,   -0.9130,   -0.3855,   -0.5532,    0.9923,   -0.9238,    0.8289,
   -0.9994,    0.9000,   -0.8372,   -1.0000,   -0.8720,    0.6448,   -0.3759,   -0.2746,   -0.7391,   -0.8588,   -0.5532,    0.9792,   -0.8852,    0.9667,
   -0.9997,    0.9000,   -0.8372,   -1.0000,   -0.8720,    0.7141,   -0.4027,   -0.2746,   -0.7391,   -0.8588,   -0.5532,    0.9680,   -0.9365,    1.0000,
   -0.9971,   -1.0000,   -0.2573,   -1.0000,   -0.5720,   -0.1071,   -0.6004,   -0.4879,   -0.7391,   -0.6565,    0.2766,    1.0000,   -0.4956,    0.3911,
   -0.9950,   -1.0000,   -0.2573,   -1.0000,   -0.5720,    0.0596,    0.0216,   -0.4134,   -0.7391,   -0.6565,    0.2766,    0.9898,   -0.4901,    0.4311,
   -0.9945,   -1.0000,   -0.2573,   -1.0000,   -0.5720,   -0.1485,    0.4377,   -0.4134,   -0.7391,   -0.6565,    0.2766,    0.9623,   -0.0988,    0.3889,
   -0.9971,   -1.0000,   -0.2573,    1.0000,   -0.5720,   -0.0408,    0.1576,   -0.4345,   -0.7391,   -0.6565,    0.2766,    0.9214,   -0.2864,    0.4311,
   -0.9903,   -1.0000,   -0.2573,    1.0000,   -0.5720,   -0.3167,    1.0000,   -0.5007,   -0.7391,   -0.6565,    0.2766,    1.0000,    0.1788,    0.3333,
   -0.9962,   -1.0000,   -0.2573,    1.0000,   -0.5720,   -0.0807,    0.8373,   -0.5003,   -0.7391,   -0.6565,    0.2766,    0.9816,   -0.1424,    0.3711,
   -0.9917,   -1.0000,   -0.2573,    1.0000,   -0.5720,   -0.2937,    0.7652,   -0.5389,   -0.7391,   -0.6565,    0.2766,    0.9916,    0.2279,    0.3178,
   -0.9953,   -1.0000,   -0.2573,    1.0000,   -0.5720,   -0.1393,    0.0484,   -0.5411,   -0.7391,   -0.6565,    0.2766,    0.9699,   -0.2108,    0.3867,
   -0.9970,   -1.0000,   -0.2573,   -1.0000,   -0.5720,    0.0784,   -0.3944,   -0.4879,   -0.7391,   -0.6565,    0.2766,    0.9441,   -0.5778,    0.5133,
   -0.9936,   -1.0000,   -0.2573,   -1.0000,   -0.5720,   -0.2907,   -0.8579,   -0.5530,   -0.7391,   -0.6565,    0.2766,    0.7581,    0.5353,    0.4156,
   -0.9957,   -1.0000,   -0.2573,   -1.0000,   -0.5720,    0.0044,   -0.1864,   -0.4879,   -0.7391,   -0.6565,    0.2766,    0.9835,   -0.5728,    0.4444,
   -0.9991,   -1.0000,   -0.0154,    1.0000,   -0.3210,   -0.1083,    0.0937,   -0.6394,   -0.6522,   -0.6603,   -0.1915,    0.9793,   -0.3499,    0.4067,
   -0.9986,   -1.0000,   -0.0154,   -1.0000,   -0.3210,    0.1807,    0.6931,   -0.5832,   -0.6522,   -0.6603,   -0.1915,    0.9792,   -0.5607,    0.5267,
   -0.9977,   -1.0000,   -0.0154,    1.0000,   -0.3210,   -0.0841,    0.8723,   -0.6800,   -0.6522,   -0.6603,   -0.1915,    1.0000,   -0.1065,    0.3667,
   -0.9976,   -1.0000,   -0.0154,    1.0000,   -0.3210,    0.0776,    0.8435,   -0.5938,   -0.6522,   -0.6603,   -0.1915,    0.9841,   -0.5160,    0.4000,
   -0.9921,   -1.0000,   -0.5792,    1.0000,   -0.4979,    0.2991,    0.7631,   -0.6850,   -0.3913,   -0.5420,    0.0213,    0.9738,   -0.5596,    0.4822,
   -0.9910,   -1.0000,   -0.5792,    1.0000,   -0.4979,   -0.0025,    0.8208,   -0.6511,   -0.3913,   -0.5420,    0.0213,    0.9916,    0.0889,    0.3711,
   -0.9861,   -1.0000,   -0.5792,    1.0000,   -0.4979,    0.2715,    0.5407,   -0.6103,   -0.3913,   -0.5420,    0.0213,    0.9672,   -0.5475,    0.5000,
   -0.9863,   -1.0000,   -0.5792,   -1.0000,   -0.4979,    0.1715,    0.6045,   -0.6103,   -0.3913,   -0.5420,    0.0213,    1.0000,   -0.6760,    0.5578,
   -0.9931,   -1.0000,   -0.5792,   -1.0000,   -0.5103,    0.8030,    0.5530,   -0.6790,   -0.3913,   -0.5420,    0.0213,    0.9402,   -0.8670,    0.8844,
   -0.9883,   -1.0000,   -0.5792,   -1.0000,   -0.5103,    0.9789,    0.6498,   -0.6790,   -0.3913,   -0.5420,    0.0213,    0.9249,   -0.8400,    1.0000,
   -0.9916,   -1.0000,   -0.5792,   -1.0000,   -0.5103,    0.7164,    0.7219,   -0.6206,   -0.3913,   -0.5420,    0.0213,    0.9520,   -0.9227,    0.7244,
   -0.9909,   -1.0000,   -0.5792,   -1.0000,   -0.5103,    0.3803,    0.5860,   -0.6206,   -0.3913,   -0.5420,    0.0213,    0.8748,   -0.7445,    0.5911,
   -0.9934,   -1.0000,   -0.5792,   -1.0000,   -0.5103,    0.5808,   -0.7096,   -0.5916,   -0.3913,   -0.5420,    0.0213,    0.9022,   -0.8791,    0.9267,
   -0.9902,   -1.0000,   -0.5792,   -1.0000,   -0.5103,    0.1462,   -0.6189,   -0.5916,   -0.3913,   -0.5420,    0.0213,    0.9165,   -0.8880,    0.5889,
   -0.9881,   -1.0000,   -0.5792,   -1.0000,   -0.5103,   -0.0726,    0.3429,   -0.5377,   -0.3913,   -0.5420,    0.0213,    0.9065,   -0.4525,    0.4289,
   -0.9897,   -1.0000,   -0.5792,   -1.0000,   -0.5103,    0.4758,    0.5242,   -0.5377,   -0.3913,   -0.5420,    0.0213,    0.8953,   -0.8057,    0.5933,
   -0.9872,   -1.0000,   -0.5792,   -1.0000,   -0.4979,    0.8302,    0.4501,   -0.5074,   -0.3913,   -0.5420,    0.0213,    0.9446,   -0.9592,    0.8156,
   -0.9927,   -1.0000,   -0.5792,   -1.0000,   -0.4979,    0.7957,    0.3903,   -0.5413,   -0.3913,   -0.5420,    0.0213,    0.9095,   -0.8775,    0.9622,
   -0.9901,   -1.0000,   -0.5792,    1.0000,   -0.4979,    0.2129,    0.3100,   -0.5413,   -0.3913,   -0.5420,    0.0213,    0.8149,   -0.6512,    0.5333,
   -0.9927,   -1.0000,   -0.5792,   -1.0000,   -0.4979,   -0.0324,    0.2070,   -0.5413,   -0.3913,   -0.5420,    0.0213,    0.8984,   -0.4950,    0.4222,
   -0.9884,   -1.0000,   -0.5792,    1.0000,   -0.4979,    0.1765,    0.5160,   -0.4510,   -0.3913,   -0.5420,    0.0213,    0.9574,   -0.5690,    0.4467,
   -0.9886,   -1.0000,   -0.5792,   -1.0000,   -0.4979,    0.4551,    0.4150,   -0.4510,   -0.3913,   -0.5420,    0.0213,    0.9656,   -0.8344,    0.5889,
   -0.9983,   -0.4000,   -0.6723,   -1.0000,   -0.8230,    0.1190,   -0.6787,   -0.0797,   -0.5652,   -0.5687,   -0.1489,    0.9118,   -0.7445,    0.4156,
   -0.9981,   -0.4000,   -0.6723,   -1.0000,   -0.8230,    0.1669,   -0.1905,   -0.0797,   -0.5652,   -0.5687,   -0.1489,    0.9338,   -0.6887,    0.4067,
   -0.9976,   -0.4000,   -0.6723,   -1.0000,   -0.8230,    0.2784,    0.0587,   -0.0531,   -0.5652,   -0.5687,   -0.1489,    0.9715,   -0.4674,    0.3778,
   -0.9978,   -0.4000,   -0.6723,   -1.0000,   -0.8230,   -0.0289,    0.2812,   -0.0531,   -0.5652,   -0.5687,   -0.1489,    0.9885,   -0.4111,    0.3356,
   -0.9978,   -0.4000,   -0.6723,   -1.0000,   -0.8230,    0.0719,    0.0299,    0.0741,   -0.5652,   -0.5687,   -0.1489,    0.8782,   -0.4763,    0.3822,
   -0.9973,   -0.4000,   -0.6723,   -1.0000,   -0.8230,    0.0853,   -0.8991,    0.0741,   -0.5652,   -0.5687,   -0.1489,    0.8881,   -0.8091,    0.4156,
   -0.9955,   -0.5600,   -0.6041,   -1.0000,   -0.8107,   -0.2213,    0.5160,    0.2413,   -0.4783,   -0.4542,    0.3830,    0.8769,   -0.4056,    0.2800,
   -0.9958,   -0.5600,   -0.6041,   -1.0000,   -0.8107,   -0.2167,    0.3862,    0.2413,   -0.4783,   -0.4542,    0.3830,    0.9608,   -0.0767,    0.3000,
   -0.9925,   -0.5600,   -0.6041,   -1.0000,   -0.8107,   -0.0240,   -0.3409,    0.2596,   -0.4783,   -0.4542,    0.3830,    0.9661,   -0.5900,    0.4289,
   -0.9957,   -0.5600,   -0.6041,   -1.0000,   -0.8107,    0.0213,    0.5716,    0.2596,   -0.4783,   -0.4542,    0.3830,    0.8953,   -0.5353,    0.3444,
   -0.9964,   -0.5600,   -0.6041,   -1.0000,   -0.8107,    0.1006,   -0.0484,    0.2180,   -0.4783,   -0.4542,    0.3830,    0.8881,   -0.5701,    0.4333,
   -0.9959,   -0.5600,   -0.6041,   -1.0000,   -0.8107,    0.2098,   -0.6993,    0.2180,   -0.4783,   -0.4542,    0.3830,    0.9841,   -0.7334,    0.4711,
   -0.9970,   -0.5600,   -0.6041,   -1.0000,   -0.8107,    0.1213,   -0.7920,    0.1398,   -0.4783,   -0.4542,    0.3830,    0.9969,   -0.7699,    0.4311,
   -0.9953,   -0.5600,   -0.6041,   -1.0000,   -0.8107,    0.1025,   -0.8764,    0.1398,   -0.4783,   -0.4542,    0.3830,    0.9000,   -0.8974,    0.4400,
   -0.9983,   -0.5600,   -0.6041,   -1.0000,   -0.8107,    0.3014,   -0.9197,    0.4144,   -0.4783,   -0.4542,    0.3830,    0.9455,   -0.9007,    0.5467,
   -0.9918,   -0.5600,   -0.6041,   -1.0000,   -0.8107,    0.8003,   -0.8867,    0.4144,   -0.4783,   -0.4542,    0.3830,    1.0000,   -0.9001,    0.8400,
   -0.9991,    0.6000,   -0.7669,   -1.0000,   -0.9712,   -0.0240,   -0.4006,    0.4715,   -1.0000,   -0.5115,   -0.1915,    0.9798,   -0.7329,    0.3756,
   -0.9993,    0.6000,   -0.7669,   -1.0000,   -0.9712,   -0.1129,   -0.6663,    0.4715,   -1.0000,   -0.5115,   -0.1915,    0.9913,   -0.5850,    0.3533,
   -0.9998,    0.8000,   -0.7588,   -1.0000,   -0.9630,    0.4919,   -0.3553,   -0.0531,   -0.8261,   -0.7824,   -0.2979,    0.9467,   -0.9238,    0.8667,
   -0.9864,   -0.6000,   -0.7427,   -1.0000,    0.0782,    0.9709,    0.7302,   -0.8779,   -0.6522,   -0.7061,   -0.9149,    0.9637,   -0.8129,    1.0000,
   -0.9852,   -0.6000,   -0.7427,   -1.0000,    0.0782,    0.4455,    1.0000,   -0.8609,   -0.6522,   -0.7061,   -0.9149,    0.9314,   -0.6656,    0.6889,
   -0.9854,   -0.6000,   -0.7427,   -1.0000,    0.0782,    0.2573,    1.0000,   -0.8398,   -0.6522,   -0.7061,   -0.9149,    0.9749,   -0.7147,    0.5578,
   -0.9880,   -0.6000,   -0.7427,   -1.0000,    0.0782,    0.3957,    0.6251,   -0.8213,   -0.6522,   -0.7061,   -0.9149,    0.9793,   -0.5662,    0.6400,
   -0.9881,   -0.6000,   -0.7427,   -1.0000,    0.0782,    0.5171,    0.7817,   -0.8163,   -0.6522,   -0.7061,   -0.9149,    0.9570,   -0.6948,    0.8467,
   -0.9884,   -0.6000,   -0.7427,   -1.0000,    0.0782,    0.8536,    0.8249,   -0.7892,   -0.6522,   -0.7061,   -0.9149,    0.9494,   -0.7693,    0.9733,
   -0.9816,   -0.6000,   -0.7427,   -1.0000,    0.0782,    0.4432,    0.8867,   -0.8274,   -0.6522,   -0.7061,   -0.9149,    0.9824,   -0.4746,    0.5778,
   -0.9878,   -0.6000,   -0.7427,   -1.0000,    0.0782,    0.3968,    0.8270,   -0.8544,   -0.6522,   -0.7061,   -0.9149,    0.9546,   -0.6485,    0.7000,
   -0.9830,   -0.6000,   -0.7427,   -1.0000,    0.0782,   -0.2340,    0.2338,   -0.8442,   -0.6522,   -0.7061,   -0.9149,    0.9773,   -0.5188,    0.3956,
   -0.9825,   -0.6000,   -0.7427,   -1.0000,    0.0782,    0.3232,    0.6828,   -0.8175,   -0.6522,   -0.7061,   -0.9149,    0.9353,   -0.2792,    0.5711,
   -0.9871,   -0.6000,   -0.7427,   -1.0000,   -0.2181,    0.8149,    0.3203,   -0.7650,   -0.6522,   -0.7061,   -0.9149,    0.9377,   -0.6849,    1.0000,
   -0.9880,   -0.6000,   -0.7427,   -1.0000,   -0.2181,    0.4980,    0.0237,   -0.6831,   -0.6522,   -0.7061,   -0.9149,    0.9667,   -0.9211,    0.8556,
   -0.9981,   -0.6000,   -0.5235,    1.0000,   -0.6749,   -0.0960,    0.2070,   -0.4930,   -0.8261,   -0.8626,    0.2766,    0.9720,   -0.3422,    0.3489,
   -0.9934,   -0.6000,   -0.5235,   -1.0000,   -0.6749,   -0.1205,   -0.1926,   -0.3999,   -0.8261,   -0.8626,    0.2766,    0.9584,   -0.3780,    0.3578,
   -0.9965,   -0.6000,   -0.5235,   -1.0000,   -0.6749,    0.0266,   -0.7240,   -0.3999,   -0.8261,   -0.8626,    0.2766,    1.0000,   -0.7318,    0.4489,
   -0.9976,   -0.6000,   -0.5235,   -1.0000,   -0.6749,    0.1408,    0.1493,   -0.4930,   -0.8261,   -0.8626,    0.2766,    0.9902,   -0.6689,    0.4311,
   -0.9952,   -0.6000,   -0.5235,    1.0000,   -0.6749,    0.5827,    0.0072,   -0.4113,   -0.8261,   -0.8626,    0.2766,    0.9691,   -0.7323,    0.6711,
   -0.9989,   -0.2000,   -0.5638,    1.0000,   -0.7449,    0.2251,   -0.3821,   -0.4638,   -0.7391,   -0.7443,    0.0638,    1.0000,   -0.9007,    0.6089,
   -0.9980,   -0.2000,   -0.5638,   -1.0000,   -0.7449,    0.2619,   -0.1782,   -0.4293,   -0.7391,   -0.7443,    0.0638,    1.0000,   -0.9310,    0.6000,
   -0.9978,   -0.2000,   -0.5638,    1.0000,   -0.7449,    0.4202,   -0.0505,   -0.3348,   -0.7391,   -0.7443,    0.0638,    0.9614,   -0.7616,    0.6267,
   -0.9988,   -0.2000,   -0.5638,    1.0000,   -0.7449,    0.2512,   -0.4912,   -0.3210,   -0.7391,   -0.7443,    0.0638,    0.9826,   -0.8659,    0.6244,
   -0.9983,   -0.2000,   -0.5638,   -1.0000,   -0.7449,    0.1194,   -0.3986,   -0.4524,   -0.7391,   -0.7443,    0.0638,    1.0000,   -0.6987,    0.5356,
   -0.9954,   -0.6000,   -0.7896,   -1.0000,   -0.7617,    0.2458,   -0.3965,   -0.4596,   -0.6522,   -0.8893,   -0.5106,    1.0000,   -0.8278,    0.6689,
   -0.9993,   -0.6000,   -0.7896,   -1.0000,   -0.7617,    0.6321,    0.2688,   -0.3516,   -0.6522,   -0.8893,   -0.5106,    0.9516,   -0.8880,    0.8978,
   -0.9993,   -0.6000,   -0.7896,   -1.0000,   -0.7617,    0.3056,   -0.2935,   -0.2516,   -0.6522,   -0.8893,   -0.5106,    0.9764,   -0.8422,    0.6756,
   -0.9988,   -0.6000,   -0.7896,    1.0000,   -0.7617,    0.5651,   -0.0360,   -0.2576,   -0.6522,   -0.8893,   -0.5106,    0.9000,   -0.9294,    0.9111,
   -0.9998,    0.8000,   -0.9450,    1.0000,   -0.9342,    0.6716,   -0.5489,   -0.1351,   -1.0000,   -0.9580,   -0.7872,    0.9930,   -0.9211,    1.0000,
   -0.9999,    0.8000,   -0.8160,   -1.0000,   -0.9383,    0.3516,   -0.6313,    0.1235,   -1.0000,   -0.6260,   -0.4255,    0.9890,   -0.6623,    0.6044,
   -0.9999,    0.1000,   -0.8688,   -1.0000,   -0.9835,    0.1083,   -0.4027,    0.1235,   -1.0000,   -0.5687,   -0.4255,    0.9890,   -0.6413,    0.3778,
   -0.9997,    0.6000,   -0.9047,   -1.0000,   -1.0000,    0.0228,   -0.4109,    0.4476,   -1.0000,   -0.7939,    0.1915,    0.7211,   -0.3819,    0.3356,
   -0.9993,    0.0500,   -0.6437,   -1.0000,   -0.9177,    0.0148,   -0.4150,    0.1253,   -0.5652,   -0.5954,   -0.1489,    1.0000,   -0.7014,    0.4044,
   -0.9991,    0.0500,   -0.6437,   -1.0000,   -0.9177,    0.0554,   -0.1205,    0.1253,   -0.5652,   -0.5954,   -0.1489,    1.0000,   -0.6760,    0.3844,
   -0.9992,    0.0500,   -0.6437,   -1.0000,   -0.9177,    0.1512,   -0.5881,    0.1253,   -0.5652,   -0.5954,   -0.1489,    0.8730,   -0.5706,    0.4400,
   -0.9994,    0.6000,   -0.6708,   -1.0000,   -0.8930,    0.2646,   -0.4851,   -0.2749,   -0.7391,   -0.7786,    0.4043,    1.0000,   -0.9117,    0.5222,
   -0.9984,    0.6000,   -0.6708,   -1.0000,   -0.8930,    0.3746,   -0.4892,   -0.2749,   -0.7391,   -0.7786,    0.4043,    1.0000,   -0.8990,    0.7178,
   -0.9993,    0.6000,   -0.6708,   -1.0000,   -0.8930,    0.1761,   -0.5778,   -0.2749,   -0.7391,   -0.7786,    0.4043,    1.0000,   -0.8361,    0.5089,
   -0.9983,   -1.0000,   -0.0132,   -1.0000,   -0.7860,   -0.0167,   -0.6807,   -0.2047,   -0.7391,   -0.6107,   -0.2766,    1.0000,   -0.6220,    0.4200,
   -0.9983,   -1.0000,   -0.0132,   -1.0000,   -0.7860,   -0.0619,   -0.1885,   -0.2047,   -0.7391,   -0.6107,   -0.2766,    1.0000,   -0.5215,    0.3711,
   -0.9972,   -1.0000,   -0.0132,   -1.0000,   -0.7860,    0.1945,   -0.4192,   -0.1214,   -0.7391,   -0.6107,   -0.2766,    1.0000,   -0.7494,    0.5244,
   -0.9989,   -1.0000,   -0.0132,   -1.0000,   -0.7860,    0.1450,   -0.0093,   -0.1214,   -0.7391,   -0.6107,   -0.2766,    0.9796,   -0.6876,    0.4911,
   -0.9970,   -1.0000,   -0.0132,   -1.0000,   -0.7860,   -0.1458,    0.1349,   -0.0560,   -0.7391,   -0.6107,   -0.2766,    1.0000,   -0.2213,    0.3400,
   -0.9987,    0.4000,   -0.8695,   -1.0000,   -0.9383,    0.0669,   -0.6457,    0.2182,   -0.6522,   -0.3473,   -0.5319,    0.8555,   -0.8212,    0.3889,
   -0.9989,    0.4000,   -0.8695,   -1.0000,   -0.9383,    0.3336,   -0.8538,    0.2182,   -0.6522,   -0.3473,   -0.5319,    0.8723,   -0.8339,    0.5333,
   -0.9991,    0.4000,   -0.8695,   -1.0000,   -0.9383,    0.2684,   -0.0834,    0.2182,   -0.6522,   -0.3473,   -0.5319,    0.9695,   -0.7605,    0.4400,
   -0.9993,   -0.3200,   -0.5872,   -1.0000,   -0.8025,    0.1608,   -0.2276,   -0.2067,   -0.4783,   -0.4580,   -0.2553,    0.9942,   -0.5712,    0.3778,
   -0.9981,   -0.3200,   -0.5872,   -1.0000,   -0.8025,    0.1244,   -0.6807,   -0.2067,   -0.4783,   -0.4580,   -0.2553,    0.9330,   -0.6170,    0.4756,
   -0.9979,   -0.3200,   -0.5872,   -1.0000,   -0.8025,    0.3110,   -0.6952,   -0.2067,   -0.4783,   -0.4580,   -0.2553,    0.9674,   -0.8273,    0.6244,
   -0.9989,   -0.3400,   -0.8739,   -1.0000,   -0.6420,    0.4083,   -0.2132,   -0.4740,   -0.4783,   -0.8664,    0.2340,    0.9838,   -0.7130,    0.6911,
   -0.9989,   -0.3400,   -0.8739,   -1.0000,   -0.6420,    0.1707,    0.1370,   -0.5925,   -0.4783,   -0.8664,    0.2340,    0.9821,   -0.6026,    0.5200,
   -0.9985,   -0.3400,   -0.8739,   -1.0000,   -0.6420,    0.4788,    0.4212,   -0.6418,   -0.4783,   -0.8664,    0.2340,    1.0000,   -0.7384,    0.6311,
   -0.9990,   -0.3400,   -0.8739,   -1.0000,   -0.6420,    0.2600,    0.3883,   -0.6266,   -0.4783,   -0.8664,    0.2340,    1.0000,   -0.6799,    0.5156,
   -0.9891,   -1.0000,   -0.3079,   -1.0000,   -0.3457,    0.1780,    0.6395,   -0.6021,   -0.7391,   -0.5534,    0.2340,    1.0000,   -0.8449,    0.3956,
   -0.9923,   -1.0000,   -0.3079,   -1.0000,   -0.3457,   -0.0761,    0.5201,   -0.6412,   -0.7391,   -0.5534,    0.2340,    0.9967,   -0.5453,    0.3400,
   -0.9409,   -1.0000,   -0.3079,   -1.0000,   -0.3457,   -0.4589,   -0.2812,   -0.7472,   -0.7391,   -0.5534,    0.2340,    0.7657,   -0.3979,    0.2467,
   -0.9824,   -1.0000,   -0.3079,   -1.0000,   -0.3457,   -0.0186,    0.0278,   -0.7252,   -0.7391,   -0.5534,    0.2340,    1.0000,   -0.7655,    0.3800,
   -0.9943,   -1.0000,   -0.3079,   -1.0000,   -0.3457,   -0.0565,    0.8023,   -0.6900,   -0.7391,   -0.5534,    0.2340,    0.9970,   -0.4487,    0.3200,
   -0.9941,   -1.0000,   -0.3079,   -1.0000,   -0.3457,    0.0366,    0.6457,   -0.6120,   -0.7391,   -0.5534,    0.2340,    0.9823,   -0.6595,    0.3689,
   -0.9918,   -1.0000,   -0.3079,   -1.0000,   -0.3457,    0.1519,    0.7384,   -0.5503,   -0.7391,   -0.5534,    0.2340,    0.9939,   -0.5833,    0.4178,
   -0.9944,   -1.0000,   -0.3079,   -1.0000,   -0.3457,   -0.1784,    0.5407,   -0.4880,   -0.7391,   -0.5534,    0.2340,    0.9976,   -0.4608,    0.2489,
   -0.9930,   -1.0000,   -0.3079,   -1.0000,   -0.3457,   -0.0983,    0.6540,   -0.4782,   -0.7391,   -0.5534,    0.2340,    0.9687,   -0.0839,    0.2844,
   -0.9946,   -1.0000,   -0.3079,   -1.0000,   -0.3457,   -0.1489,    0.4171,   -0.4722,   -0.7391,   -0.5534,    0.2340,    1.0000,   -0.2158,    0.3289,
   -0.9911,   -1.0000,   -0.3079,   -1.0000,   -0.3457,    0.0811,    0.3244,   -0.5630,   -0.7391,   -0.5534,    0.2340,    0.9915,   -0.5237,    0.4022,
   -0.9895,   -1.0000,   -0.3079,   -1.0000,   -0.3457,   -0.0220,    0.1514,   -0.4776,   -0.7391,   -0.5534,    0.2340,    0.9966,   -0.3929,    0.3556,
   -0.9964,   -1.0000,   -0.4927,   -1.0000,   -0.5556,    0.0979,    0.0175,   -0.3797,   -0.6522,   -0.6183,    0.4894,    1.0000,   -0.6981,    0.4178,
   -0.9961,   -1.0000,   -0.4927,   -1.0000,   -0.5556,    0.0788,    0.0587,   -0.3797,   -0.6522,   -0.6183,    0.4894,    1.0000,   -0.7163,    0.4022,
   -0.9922,   -1.0000,   -0.4927,   -1.0000,   -0.5556,   -0.0496,   -0.0319,   -0.3468,   -0.6522,   -0.6183,    0.4894,    1.0000,   -0.6705,    0.3422,
   -0.9938,   -1.0000,   -0.4927,   -1.0000,   -0.5556,   -0.1772,    0.4706,   -0.3468,   -0.6522,   -0.6183,    0.4894,    0.9709,   -0.4476,    0.3000,
   -0.9925,   -1.0000,   -0.4927,   -1.0000,   -0.5556,    0.0937,   -0.2338,   -0.3468,   -0.6522,   -0.6183,    0.4894,    1.0000,   -0.7577,    0.4444,
   -0.9958,   -1.0000,   -0.4927,   -1.0000,   -0.5556,    0.0998,   -0.7570,   -0.2205,   -0.6522,   -0.6183,    0.4894,    0.9838,   -0.8151,    0.4356,
   -0.9933,   -1.0000,   -0.4927,   -1.0000,   -0.5556,    0.0542,   -0.4645,   -0.2205,   -0.6522,   -0.6183,    0.4894,    1.0000,   -0.7561,    0.4000,
   -0.9947,   -1.0000,   -0.4927,   -1.0000,   -0.5556,   -0.0335,   -0.1596,   -0.2205,   -0.6522,   -0.6183,    0.4894,    1.0000,   -0.3896,    0.3822,
   -0.9987,   -1.0000,   -0.7962,   -1.0000,   -0.6914,   -0.1159,   -0.5283,   -0.2571,   -0.7391,   -0.0725,   -0.0851,    0.9271,   -0.5453,    0.3178,
   -0.9986,   -1.0000,   -0.7962,   -1.0000,   -0.6914,    0.0623,   -0.7055,   -0.2571,   -0.7391,   -0.0725,   -0.0851,    0.8906,   -0.6904,    0.3911,
   -0.9991,   -1.0000,   -0.7962,   -1.0000,   -0.6914,   -0.0102,   -0.3965,   -0.1372,   -0.7391,   -0.0725,   -0.0851,    0.8571,   -0.5938,    0.3289,
   -0.9990,   -0.3000,   -0.5894,   -1.0000,   -0.7823,   -0.1780,   -0.4748,    0.0023,   -1.0000,   -0.5534,   -0.0851,    0.9855,   -0.4095,    0.2689,
   -0.9994,   -0.3000,   -0.5894,   -1.0000,   -0.7823,   -0.0535,   -0.5798,    0.0023,   -1.0000,   -0.5534,   -0.0851,    0.8253,   -0.6634,    0.3200,
   -0.9990,   -1.0000,   -0.6532,   -1.0000,   -0.4650,    0.0558,   -0.2750,   -0.0309,   -0.6522,   -0.8588,    0.6170,    0.9637,   -0.7820,    0.3822,
   -0.9993,   -1.0000,   -0.6532,   -1.0000,   -0.4650,    0.0535,   -0.2667,   -0.0309,   -0.6522,   -0.8588,    0.6170,    0.9622,   -0.7230,    0.3489,
   -0.9993,   -1.0000,   -0.6532,   -1.0000,   -0.4650,   -0.0512,   -0.3491,   -0.1169,   -0.6522,   -0.8588,    0.6170,    1.0000,   -0.6534,    0.3578,
   -0.9994,   -1.0000,   -0.6532,   -1.0000,   -0.4650,   -0.1155,   -0.1061,   -0.2541,   -0.6522,   -0.8588,    0.6170,    1.0000,   -0.5546,    0.3222,
   -0.9995,   -1.0000,   -0.6532,   -1.0000,   -0.4650,   -0.1056,    0.1679,   -0.1842,   -0.6522,   -0.8588,    0.6170,    0.9895,   -0.5127,    0.3000,
   -0.9994,   -1.0000,   -0.6532,   -1.0000,   -0.4650,   -0.0427,   -0.2915,   -0.3302,   -0.6522,   -0.8588,    0.6170,    0.9962,   -0.6258,    0.3467,
   -0.9989,   -1.0000,   -0.6532,   -1.0000,   -0.4650,   -0.0711,   -0.1246,   -0.3302,   -0.6522,   -0.8588,    0.6170,    1.0000,   -0.5579,    0.3111,
   -0.9988,   -1.0000,   -0.6532,   -1.0000,   -0.4650,   -0.0776,    0.1452,   -0.3302,   -0.6522,   -0.8588,    0.6170,    1.0000,   -0.5828,    0.3044,
   -0.9998,   -0.3000,   -0.9223,   -1.0000,   -0.7654,    0.4102,   -0.0443,    0.0745,   -1.0000,   -0.6298,   -0.3830,    0.9891,   -0.7925,    0.6156,
   -0.9996,   -1.0000,   -0.8952,   -1.0000,   -0.4527,    0.1416,    0.1699,   -0.0657,   -1.0000,   -0.1031,   -0.2979,    0.9650,   -0.6181,    0.2556,
   -0.9996,    0.1000,   -0.7566,   -1.0000,   -0.5926,    0.2014,    0.1020,   -0.1629,   -0.6522,   -0.3015,    0.0638,    1.0000,   -0.6992,    0.4200,
   -0.9995,    0.1000,   -0.7566,   -1.0000,   -0.5926,    0.2696,   -0.4809,   -0.0296,   -0.6522,   -0.3015,    0.0638,    0.9550,   -0.8411,    0.5822,
   -0.9994,   -1.0000,   -0.7119,   -1.0000,   -0.7654,   -0.0600,   -0.0608,    0.2520,   -0.8261,   -0.3702,    0.3191,    0.9432,   -0.5143,    0.2778,
   -0.9988,   -1.0000,   -0.7119,   -1.0000,   -0.7654,   -0.1044,    0.0175,    0.2520,   -0.8261,   -0.3702,    0.3191,    0.8372,   -0.3962,    0.2711,
   -0.9997,    0.7000,   -0.7295,   -1.0000,   -0.8189,    0.1324,   -0.4892,    0.3469,   -0.7391,   -0.3740,    0.1277,    0.9775,   -0.7445,    0.4022,
   -0.9998,    0.6000,   -0.8864,   -1.0000,   -0.7942,    0.1780,   -0.4480,    0.3121,   -0.7391,   -0.6450,   -0.0638,    0.9699,   -0.7649,    0.4333,
   -0.9995,   -0.2000,   -0.9421,   -1.0000,   -0.8189,    0.2945,   -0.3491,    0.3936,   -1.0000,   -0.4351,    0.5106,    0.9644,   -0.7704,    0.4800,
   -0.9987,   -0.2000,   -0.9421,   -1.0000,   -0.8189,    0.1224,   -0.1452,    0.3936,   -1.0000,   -0.4351,    0.5106,    1.0000,   -0.7655,    0.3978,
   -0.9984,    0.2000,   -0.9098,   -1.0000,   -0.8930,    0.1565,   -0.3203,    0.7424,   -0.7391,   -0.1450,    0.2128,    0.8683,   -0.7925,    0.4244,
   -0.9985,    0.2000,   -0.9098,   -1.0000,   -0.8930,   -0.1098,   -0.6787,    0.7424,   -0.7391,   -0.1450,    0.2128,    0.9770,   -0.6656,    0.3022,
   -0.9998,    0.8000,   -0.8856,   -1.0000,   -0.8971,    0.2136,   -0.3162,    1.0000,   -0.6522,   -1.0000,   -0.0638,    0.9373,   -0.8471,    0.5578,
   -0.9992,    0.6000,   -0.8937,   -1.0000,   -0.8848,   -0.1945,   -0.6087,    0.7198,   -0.7391,   -0.4389,    1.0000,    0.9289,   -0.6512,    0.2933,
   -0.9977,    0.6000,   -0.8937,   -1.0000,   -0.8848,   -0.0899,   -0.6581,    0.7198,   -0.7391,   -0.4389,    1.0000,    0.8948,   -0.7881,    0.3467,
   -0.7982,   -1.0000,    0.2933,    1.0000,    0.5844,    0.0159,    0.9464,   -0.8195,    1.0000,    0.8282,    0.6170,    0.9033,   -0.1242,    0.2844,
   -0.9136,   -1.0000,    0.2933,    1.0000,    0.5844,    0.0860,    0.8146,   -0.7498,    1.0000,    0.8282,    0.6170,    0.9720,   -0.3631,    0.3711,
   -0.8832,   -1.0000,    0.2933,    1.0000,    0.5844,   -0.0167,    0.6581,   -0.7103,    1.0000,    0.8282,    0.6170,    0.9926,   -0.4619,    0.3933,
   -0.9043,   -1.0000,    0.2933,   -1.0000,    0.5844,   -0.0224,    0.6148,   -0.7491,    1.0000,    0.8282,    0.6170,    0.9689,   -0.3962,    0.3911,
   -0.8980,   -1.0000,    0.2933,   -1.0000,    0.5844,    0.0872,    0.7528,   -0.7475,    1.0000,    0.8282,    0.6170,    0.8873,   -0.6656,    0.4444,
   -0.9139,   -1.0000,    0.2933,   -1.0000,    0.5844,    0.0308,    0.8167,   -0.7880,    1.0000,    0.8282,    0.6170,    0.7668,   -0.3124,    0.3311,
   -0.9175,   -1.0000,    0.2933,   -1.0000,    0.5844,   -0.3098,    0.9217,   -0.8229,    1.0000,    0.8282,    0.6170,    0.9188,   -0.5331,    0.3511,
   -0.9052,   -1.0000,    0.2933,    1.0000,    0.5844,   -0.1408,    0.7734,   -0.8590,    1.0000,    0.8282,    0.6170,    0.7788,   -0.2875,    0.2622,
   -0.9220,   -1.0000,    0.2933,    1.0000,    0.3704,    1.0000,    0.6478,   -0.8590,    1.0000,    0.8282,    0.6170,    0.7864,   -0.8035,    0.3756,
   -0.8977,   -1.0000,    0.2933,   -1.0000,    0.3704,   -1.0000,    0.7508,   -0.9120,    1.0000,    0.8282,    0.6170,    0.7872,   -0.7025,    0.5000,
   -0.9170,   -1.0000,    0.2933,   -1.0000,    0.3704,   -0.4627,    0.8229,   -0.8867,    1.0000,    0.8282,    0.6170,    0.5922,   -0.3228,    0.3756,
   -0.6962,   -1.0000,    0.2933,   -1.0000,    0.0123,   -0.8843,    1.0000,   -0.9307,    1.0000,    0.8282,    0.6170,   -0.3388,   -0.3598,    0.4022,
   -0.8900,   -1.0000,    0.2933,   -1.0000,    0.0123,   -0.4600,    1.0000,   -0.9631,    1.0000,    0.8282,    0.6170,    0.8922,   -0.9156,    1.0000,
   -0.8727,   -1.0000,    0.2933,    1.0000,    0.0123,    0.1964,    0.9341,   -0.9587,    1.0000,    0.8282,    0.6170,    0.8912,   -0.8896,    1.0000,
   -0.8532,   -1.0000,    0.2933,    1.0000,    0.0123,    0.3240,    0.9485,   -0.9868,    1.0000,    0.8282,    0.6170,    0.9755,   -0.9321,    1.0000,
   -0.7926,   -1.0000,    0.2933,   -1.0000,    0.0123,    0.0174,    1.0000,   -0.9928,    1.0000,    0.8282,    0.6170,    0.8449,   -0.5695,    1.0000,
   -0.8143,   -1.0000,    0.2933,    1.0000,    0.1646,   -0.1132,    0.7858,   -1.0000,    1.0000,    0.8282,    0.6170,    0.7528,   -0.6054,    1.0000,
   -0.7504,   -1.0000,    0.2933,   -1.0000,    0.1646,   -0.4846,    1.0000,   -0.9919,    1.0000,    0.8282,    0.6170,    1.0000,    0.8234,    0.1956,
   -0.5843,   -1.0000,    0.2933,   -1.0000,    0.1646,   -0.7789,    1.0000,   -0.9987,    1.0000,    0.8282,    0.6170,    1.0000,    1.0000,    0.1956,
   -0.5593,   -1.0000,    0.2933,   -1.0000,    0.1770,    0.4378,    0.9567,   -0.9660,    1.0000,    0.8282,    0.6170,    1.0000,   -0.3538,    0.2222,
   -0.6565,   -1.0000,    0.2933,   -1.0000,    0.1770,    0.1834,    0.8620,   -0.9608,    1.0000,    0.8282,    0.6170,    0.8291,    0.1871,    0.1978,
   -0.7793,   -1.0000,    0.2933,   -1.0000,    0.1770,    0.2389,    0.9753,   -0.9585,    1.0000,    0.8282,    0.6170,    1.0000,    0.0767,    0.1844,
   -0.4685,   -1.0000,    0.2933,   -1.0000,    0.1770,    0.0803,    0.9217,   -0.9534,    1.0000,    0.8282,    0.6170,    1.0000,    0.2119,    0.1800,
   -0.5985,   -1.0000,    0.2933,   -1.0000,    0.1770,    0.0201,    1.0000,   -0.9534,    1.0000,    0.8282,    0.6170,    0.9841,    0.1065,    0.1156,
    1.0000,   -1.0000,    0.2933,   -1.0000,    0.1770,    0.3056,    0.8332,   -0.9478,    1.0000,    0.8282,    0.6170,    1.0000,   -0.1457,    0.1200,
   -0.6433,   -1.0000,    0.2933,   -1.0000,    0.1770,    0.1435,    0.9815,   -0.9291,    1.0000,    0.8282,    0.6170,    1.0000,    0.0679,    0.1311,
   -0.7936,   -1.0000,    0.2933,   -1.0000,    0.2963,   -0.2432,    1.0000,   -0.9180,    1.0000,    0.8282,    0.6170,    1.0000,    0.2070,    0.1400,
   -0.8205,   -1.0000,    0.2933,   -1.0000,    0.2963,   -0.2493,    1.0000,   -0.9266,    1.0000,    0.8282,    0.6170,    1.0000,    0.2599,    0.1622,
   -0.5486,   -1.0000,    0.2933,   -1.0000,    0.2963,   -0.6907,    0.8187,   -0.9436,    1.0000,    0.8282,    0.6170,    0.4399,    0.5949,    0.0844,
   -0.6222,   -1.0000,    0.2933,   -1.0000,    0.2963,   -0.3424,    0.9609,   -0.9461,    1.0000,    0.8282,    0.6170,    1.0000,    0.6049,    0.0489,
   -0.4518,   -1.0000,    0.2933,   -1.0000,    0.2963,   -0.5819,    1.0000,   -0.9386,    1.0000,    0.8282,    0.6170,    1.0000,    0.4652,    0.1222,
   -0.4922,   -1.0000,    0.2933,   -1.0000,    0.2963,   -0.4486,    0.7837,   -0.9293,    1.0000,    0.8282,    0.6170,    1.0000,    0.6700,    0.0533,
   -0.6779,   -1.0000,    0.2933,   -1.0000,    0.2963,   -0.4945,    1.0000,   -0.9164,    1.0000,    0.8282,    0.6170,    0.8791,    0.5944,    0.1156,
   -0.8169,   -1.0000,    0.2933,   -1.0000,    0.2963,   -0.2991,    0.9773,   -0.8912,    1.0000,    0.8282,    0.6170,    1.0000,    0.0552,    0.1444,
   -0.8436,   -1.0000,    0.2933,   -1.0000,    0.2963,   -0.1753,    0.9382,   -0.8551,    1.0000,    0.8282,    0.6170,    0.9875,   -0.1512,    0.2244,
   -0.8812,   -1.0000,    0.2933,   -1.0000,    0.2963,   -0.0458,    0.6395,   -0.8112,    1.0000,    0.8282,    0.6170,    0.9066,   -0.0602,    0.4044,
   -0.7399,   -1.0000,    0.2933,   -1.0000,    0.2963,   -0.4348,    0.9382,   -0.8835,    1.0000,    0.8282,    0.6170,    1.0000,    0.3217,    0.1044,
   -0.8058,   -1.0000,    0.2933,   -1.0000,    0.2675,    0.0086,    0.8476,   -0.8797,    1.0000,    0.8282,    0.6170,    1.0000,   -0.2583,    0.1956,
   -0.6998,   -1.0000,    0.2933,   -1.0000,    0.2675,   -0.1086,    0.8908,   -0.8813,    1.0000,    0.8282,    0.6170,    1.0000,   -0.1932,    0.1711,
   -0.8042,   -1.0000,    0.2933,   -1.0000,    0.2675,    0.1152,    0.9753,   -0.8916,    1.0000,    0.8282,    0.6170,    0.9752,   -0.1507,    0.1800,
   -0.8681,   -1.0000,    0.2933,   -1.0000,    0.2675,    0.0899,    0.9176,   -0.9005,    1.0000,    0.8282,    0.6170,    1.0000,   -0.0265,    0.1667,
   -0.8277,   -1.0000,    0.2933,   -1.0000,    0.2675,   -0.1623,    0.9773,   -0.9084,    1.0000,    0.8282,    0.6170,    0.9808,    0.0039,    0.0778,
   -0.1380,   -1.0000,    0.2933,   -1.0000,    0.2675,   -0.2750,    1.0000,   -0.9345,    1.0000,    0.8282,    0.6170,    1.0000,    0.5927,    0.0000,
   -0.7772,   -1.0000,    0.2933,   -1.0000,    0.2675,   -0.1221,    0.5427,   -0.9326,    1.0000,    0.8282,    0.6170,    0.7038,    0.5585,    0.0289,
   -0.4371,   -1.0000,    0.2933,   -1.0000,    0.2675,   -0.0703,    1.0000,   -0.9165,    1.0000,    0.8282,    0.6170,    1.0000,    0.3819,    0.0133,
   -0.6801,   -1.0000,    0.2933,   -1.0000,    0.2675,    0.0661,    1.0000,   -0.9192,    1.0000,    0.8282,    0.6170,    1.0000,    0.0259,    0.0489,
   -0.7844,   -1.0000,    0.2933,   -1.0000,    0.2675,    0.0895,    1.0000,   -0.9074,    1.0000,    0.8282,    0.6170,    0.8952,    0.0254,    0.1578,
   -0.4426,   -1.0000,    0.2933,   -1.0000,    0.2675,   -0.3148,    0.9176,   -0.8958,    1.0000,    0.8282,    0.6170,    1.0000,   -0.0044,    0.0733,
   -0.0666,   -1.0000,    0.2933,   -1.0000,    0.2675,   -0.2451,    0.6993,   -0.9131,    1.0000,    0.8282,    0.6170,    0.6599,    0.4156,    0.0778,
    0.5267,   -1.0000,    0.2933,   -1.0000,    0.2675,   -0.1868,    1.0000,   -0.9462,    1.0000,    0.8282,    0.6170,    0.9398,    0.1727,    0.0000,
   -0.5345,   -1.0000,    0.2933,   -1.0000,    0.1276,   -0.7789,    1.0000,   -0.9912,    1.0000,    0.8282,    0.6170,    0.8654,    0.1926,    0.1533,
   -0.7315,   -1.0000,    0.2933,   -1.0000,    0.1276,   -0.2156,    1.0000,   -0.9717,    1.0000,    0.8282,    0.6170,    0.6732,   -0.4260,    0.5089,
   -0.8337,   -1.0000,    0.2933,   -1.0000,   -0.1276,   -0.2121,    0.9567,   -0.9409,    1.0000,    0.8282,    0.6170,    0.5852,    0.3615,    0.2711,
   -0.6756,   -1.0000,    0.2933,   -1.0000,   -0.1276,    0.2612,    1.0000,   -0.9389,    1.0000,    0.8282,    0.6170,   -0.0971,   -0.0039,    0.5000,
    0.1494,   -1.0000,    0.2933,   -1.0000,   -0.1276,   -0.1585,    1.0000,   -0.9485,    1.0000,    0.8282,    0.6170,   -0.9885,   -0.5375,    0.2222,
   -0.6843,   -1.0000,    0.2933,   -1.0000,   -0.1276,    0.1864,    1.0000,   -0.9276,    1.0000,    0.8282,    0.6170,   -0.8249,    0.0756,    0.2711,
   -0.5773,   -1.0000,    0.2933,   -1.0000,   -0.1276,   -0.5911,    1.0000,   -0.9228,    1.0000,    0.8282,    0.6170,   -0.8564,    0.8013,    0.2867,
   -0.3560,   -1.0000,    0.2933,   -1.0000,   -0.1276,   -0.3892,    1.0000,   -0.9164,    1.0000,    0.8282,    0.6170,    0.0623,    0.0127,    0.2511,
    0.0282,   -1.0000,    0.2933,   -1.0000,    0.2675,   -0.6329,    1.0000,   -0.9039,    1.0000,    0.8282,    0.6170,   -0.5565,    0.9454,    0.0444,
   -0.5936,   -1.0000,    0.2933,   -1.0000,    0.2099,    0.1010,    1.0000,   -0.8718,    1.0000,    0.8282,    0.6170,   -0.8642,    0.5077,    0.0489,
   -0.7566,   -1.0000,    0.2933,   -1.0000,    0.2099,    0.2343,    0.8105,   -0.8745,    1.0000,    0.8282,    0.6170,   -0.8928,    0.3278,    0.0556,
   -0.4170,   -1.0000,    0.2933,   -1.0000,    0.2099,   -0.3321,    0.7755,   -0.9058,    1.0000,    0.8282,    0.6170,   -0.3593,    0.3747,    0.1200,
    0.6529,   -1.0000,    0.2933,   -1.0000,    0.2099,   -0.0818,    1.0000,   -0.8776,    1.0000,    0.8282,    0.6170,   -0.9187,    0.0425,    0.0844,
   -0.7346,   -1.0000,    0.2933,   -1.0000,    0.3704,    0.2504,    0.5160,   -0.8792,    1.0000,    0.8282,    0.6170,   -0.7573,    0.1595,    0.0756,
   -0.7509,   -1.0000,    0.2933,   -1.0000,    0.3704,    0.0922,    1.0000,   -0.8674,    1.0000,    0.8282,    0.6170,    0.6059,   -0.2666,    0.2600,
   -0.8423,   -1.0000,    0.2933,   -1.0000,    0.3704,   -0.0630,    0.9032,   -0.8645,    1.0000,    0.8282,    0.6170,    0.6121,   -0.2290,    0.2044,
   -0.7293,   -1.0000,    0.2933,   -1.0000,   -0.0576,   -0.2002,    0.7446,   -0.8506,    1.0000,    0.8282,    0.6170,    0.4687,   -0.3173,    0.3511,
   -0.8417,   -1.0000,    0.2933,   -1.0000,   -0.0576,   -0.0259,    0.6931,   -0.8377,    1.0000,    0.8282,    0.6170,   -0.9889,    0.1898,    0.1867,
   -0.8025,   -1.0000,    0.2933,   -1.0000,   -0.1811,   -0.2320,    0.3944,   -0.8302,    1.0000,    0.8282,    0.6170,   -0.9832,   -0.1485,    0.1489,
   -0.6436,   -1.0000,    0.2933,   -1.0000,    0.2099,   -0.1052,    0.9053,   -0.8581,    1.0000,    0.8282,    0.6170,   -0.9629,    0.2506,    0.0733,
   -0.7248,   -1.0000,    0.2933,   -1.0000,   -0.1811,   -0.1278,    0.1699,   -0.8421,    1.0000,    0.8282,    0.6170,   -0.8773,   -0.2296,    0.1156,
   -0.1535,   -1.0000,    0.2933,   -1.0000,    0.2099,    0.0121,    0.5613,   -0.8666,    1.0000,    0.8282,    0.6170,   -0.9067,   -0.2942,    0.1311,
   -0.8345,   -1.0000,    0.2933,   -1.0000,    0.2099,    0.0086,    0.5489,   -0.8534,    1.0000,    0.8282,    0.6170,   -0.5138,    0.0922,    0.1333,
   -0.7902,   -1.0000,    0.2933,   -1.0000,    0.2099,    0.0803,    0.9094,   -0.8475,    1.0000,    0.8282,    0.6170,   -0.6954,    0.2334,    0.1000,
   -0.8092,   -1.0000,    0.2933,   -1.0000,   -0.1811,    0.0680,    0.7137,   -0.8321,    1.0000,    0.8282,    0.6170,   -0.5808,   -0.1220,    0.2111,
   -0.7739,   -1.0000,    0.2933,   -1.0000,   -0.1811,    0.2539,    0.8826,   -0.8257,    1.0000,    0.8282,    0.6170,   -0.5915,   -0.0088,    0.2022,
   -0.8553,   -1.0000,    0.2933,   -1.0000,   -0.1811,    0.0975,    0.4809,   -0.8053,    1.0000,    0.8282,    0.6170,   -0.5076,   -0.4316,    0.2467,
   -0.8747,   -1.0000,    0.2933,   -1.0000,    0.3498,    0.1017,    0.7508,   -0.7843,    1.0000,    0.8282,    0.6170,   -0.4963,   -0.2003,    0.2067,
   -0.6874,   -1.0000,    0.2933,   -1.0000,    0.3498,    0.0144,    0.8970,   -0.8013,    1.0000,    0.8282,    0.6170,   -0.4941,   -0.2583,    0.1489,
   -0.7493,   -1.0000,    0.2933,   -1.0000,    0.4609,    0.1757,    0.8888,   -0.8190,    1.0000,    0.8282,    0.6170,   -0.4476,    0.1887,    0.1867,
   -0.6760,   -1.0000,    0.2933,   -1.0000,    0.4609,    0.1113,    0.8620,   -0.8412,    1.0000,    0.8282,    0.6170,   -0.8630,   -0.0993,    0.1022,
   -0.6590,   -1.0000,    0.2933,   -1.0000,    0.4609,   -0.0071,    1.0000,   -0.8573,    1.0000,    0.8282,    0.6170,   -0.9546,    0.3642,    0.0822,
   -0.6927,   -1.0000,    0.2933,   -1.0000,    0.4609,   -0.0902,    0.7508,   -0.8743,    1.0000,    0.8282,    0.6170,   -0.6539,    0.7820,    0.0756,
   -0.7890,   -1.0000,    0.2933,   -1.0000,    0.4609,   -0.2083,    0.8744,   -0.8749,    1.0000,    0.8282,    0.6170,    1.0000,    0.1672,    0.1733,
   -0.5044,   -1.0000,    0.2933,   -1.0000,    0.4609,   -0.1351,    0.8435,   -0.8660,    1.0000,    0.8282,    0.6170,    0.9725,    0.1247,    0.1222,
   -0.7815,   -1.0000,    0.2933,   -1.0000,    0.4609,    0.0902,    0.9423,   -0.8299,    1.0000,    0.8282,    0.6170,    0.9448,   -0.0182,    0.2689,
   -0.8728,   -1.0000,    0.2933,   -1.0000,    0.4609,    0.0186,    1.0000,   -0.8408,    1.0000,    0.8282,    0.6170,    0.9939,   -0.1799,    0.2978,
   -0.7761,   -1.0000,    0.2933,   -1.0000,    0.4609,    0.1205,    1.0000,   -0.8456,    1.0000,    0.8282,    0.6170,    0.9487,   -0.0552,    0.2311,
   -0.7124,   -1.0000,    0.2933,   -1.0000,    0.4609,   -0.1213,    0.9300,   -0.8607,    1.0000,    0.8282,    0.6170,    0.2114,    0.2174,    0.1289,
   -0.7602,   -1.0000,    0.2933,   -1.0000,    0.4609,    0.1106,    0.8929,   -0.8439,    1.0000,    0.8282,    0.6170,   -0.7845,    0.2279,    0.1511,
   -0.8588,   -1.0000,    0.2933,   -1.0000,    0.4609,    0.0653,    0.9258,   -0.8286,    1.0000,    0.8282,    0.6170,    0.6021,   -0.1137,    0.2200,
   -0.7770,   -1.0000,    0.2933,   -1.0000,    0.4609,    0.0308,    0.9300,   -0.8057,    1.0000,    0.8282,    0.6170,    0.9577,   -0.1882,    0.1689,
   -0.7904,   -1.0000,    0.2933,   -1.0000,    0.3498,    0.0056,    0.9732,   -0.7941,    1.0000,    0.8282,    0.6170,    1.0000,   -0.0949,    0.2022,
   -0.8310,   -1.0000,    0.2933,   -1.0000,    0.3498,    0.0945,    0.9650,   -0.8081,    1.0000,    0.8282,    0.6170,    0.5326,   -0.0298,    0.1778,
   -0.8491,   -1.0000,    0.2933,   -1.0000,    0.3498,    0.2217,    0.8476,   -0.7828,    1.0000,    0.8282,    0.6170,   -1.0000,   -0.1330,    0.1867,
   -0.8778,   -1.0000,    0.2933,   -1.0000,    0.3498,    0.1857,    0.9629,   -0.7771,    1.0000,    0.8282,    0.6170,    0.7902,   -0.1170,    0.2267,
   -0.8857,   -1.0000,    0.2933,   -1.0000,    0.3498,    0.0485,    0.8311,   -0.7747,    1.0000,    0.8282,    0.6170,    0.9404,   -0.1424,    0.2467,
   -0.8147,   -1.0000,    0.2933,   -1.0000,    0.3498,    0.4685,    0.9856,   -0.7594,    1.0000,    0.8282,    0.6170,    0.8939,   -0.1716,    0.2844,
   -0.7863,   -1.0000,    0.2933,   -1.0000,    0.3498,    0.2136,    0.8785,   -0.7515,    1.0000,    0.8282,    0.6170,   -0.9679,   -0.0629,    0.2200,
   -0.8933,   -1.0000,    0.2933,   -1.0000,    0.3498,    0.1358,    0.7219,   -0.7624,    1.0000,    0.8282,    0.6170,   -0.7448,   -0.0949,    0.2022,
   -0.8952,   -1.0000,    0.2933,   -1.0000,    0.3498,   -0.0745,    0.7508,   -0.7361,    1.0000,    0.8282,    0.6170,   -0.9488,   -0.0464,    0.1711,
   -0.8158,   -1.0000,    0.2933,   -1.0000,    0.3498,   -0.0899,    0.5942,   -0.7000,    1.0000,    0.8282,    0.6170,   -0.9840,   -0.1606,    0.1889,
   -0.8259,   -1.0000,    0.2933,   -1.0000,    0.3498,    0.0500,    0.6643,   -0.6993,    1.0000,    0.8282,    0.6170,    0.3712,   -0.1998,    0.2200,
   -0.8473,   -1.0000,    0.2933,   -1.0000,    0.3498,   -0.0343,    0.6787,   -0.7112,    1.0000,    0.8282,    0.6170,    1.0000,   -0.2842,    0.3333,
   -0.8920,   -1.0000,    0.2933,   -1.0000,    0.3498,    0.2033,    0.7940,   -0.7330,    1.0000,    0.8282,    0.6170,    0.2855,   -0.1893,    0.2533,
   -0.9171,   -1.0000,    0.2933,   -1.0000,    0.3498,    0.0788,    0.7611,   -0.7386,    1.0000,    0.8282,    0.6170,    0.9724,   -0.2870,    0.2822,
   -0.8505,   -1.0000,    0.2933,   -1.0000,    0.3498,    0.0561,    0.6498,   -0.7081,    1.0000,    0.8282,    0.6170,    1.0000,   -0.3234,    0.3222,
   -0.8693,   -1.0000,    0.2933,   -1.0000,    0.3498,    0.1313,    0.7920,   -0.6959,    1.0000,    0.8282,    0.6170,    0.9845,   -0.5276,    0.3378,
   -0.8239,   -1.0000,    0.2933,   -1.0000,    0.1111,    0.0148,    0.2873,   -0.6665,    1.0000,    0.8282,    0.6170,    1.0000,   -0.3659,    0.3644,
   -0.9290,   -1.0000,    0.2933,   -1.0000,    0.1111,   -0.1577,   -0.0669,   -0.6477,    1.0000,    0.8282,    0.6170,    0.6848,   -0.3157,    0.3311,
   -0.9153,   -1.0000,    0.2933,   -1.0000,    0.1111,   -0.0837,    0.6849,   -0.6832,    1.0000,    0.8282,    0.6170,   -0.8906,   -0.1490,    0.3111,
   -0.9007,   -1.0000,    0.2933,   -1.0000,   -0.1811,   -0.0642,    0.8867,   -0.7434,    1.0000,    0.8282,    0.6170,    0.6691,    0.0811,    0.3133,
   -0.6500,   -1.0000,    0.2933,   -1.0000,   -0.1975,   -0.0937,    0.4027,   -0.6765,    1.0000,    0.8282,    0.6170,    0.8580,   -0.0949,    0.3133,
   -0.7062,   -1.0000,    0.2933,   -1.0000,   -0.1975,   -0.1753,    0.1081,   -0.6919,    1.0000,    0.8282,    0.6170,    1.0000,   -0.2809,    0.3356,
   -0.9024,   -1.0000,    0.2933,   -1.0000,   -0.1975,   -0.0013,    0.6704,   -0.6538,    1.0000,    0.8282,    0.6170,    1.0000,   -0.1965,    0.3311,
   -0.9094,   -1.0000,    0.2933,   -1.0000,   -0.3951,    0.0224,    0.8084,   -0.6418,    1.0000,    0.8282,    0.6170,    0.9921,   -0.3852,    0.3244,
   -0.9199,   -1.0000,    0.2933,   -1.0000,   -0.1975,    0.1021,    0.4851,   -0.6787,    1.0000,    0.8282,    0.6170,    0.9822,   -0.3030,    0.4044,
   -0.8957,   -1.0000,    0.2933,   -1.0000,   -0.0576,    0.3102,    0.3326,   -0.7448,    1.0000,    0.8282,    0.6170,    0.8879,   -0.4520,    0.5511,
   -0.8191,   -1.0000,    0.2933,   -1.0000,   -0.1811,   -0.2849,    0.9053,   -0.7635,    1.0000,    0.8282,    0.6170,    0.7765,   -0.0944,    0.1956,
   -0.8564,   -1.0000,    0.2933,   -1.0000,   -0.1811,   -0.0033,    0.9464,   -0.8042,    1.0000,    0.8282,    0.6170,    0.5252,    0.2345,    0.1844,
   -0.8906,   -1.0000,    0.2933,   -1.0000,   -0.0576,    0.1201,    0.8682,   -0.7862,    1.0000,    0.8282,    0.6170,    0.9965,   -0.0646,    0.2600,
   -0.6624,   -1.0000,    0.2933,   -1.0000,   -0.0576,   -0.3321,    0.9444,   -0.8234,    1.0000,    0.8282,    0.6170,    0.7609,    0.2792,    0.1556,
   -0.7701,   -1.0000,    0.2933,   -1.0000,   -0.0576,    0.0056,    0.9320,   -0.8107,    1.0000,    0.8282,    0.6170,    0.9133,   -0.1004,    0.2133,
   -0.6779,   -1.0000,    0.2933,   -1.0000,   -0.0576,    0.0224,    0.7528,   -0.8506,    1.0000,    0.8282,    0.6170,    0.9315,   -0.3720,    0.3644,
   -0.8692,   -1.0000,    0.2933,   -1.0000,   -0.3951,    0.0274,    0.2729,   -0.5827,    1.0000,    0.8282,    0.6170,    1.0000,   -0.5028,    0.4000,
   -0.8718,   -1.0000,    0.2933,   -1.0000,   -0.3951,    0.2221,    0.4830,   -0.5995,    1.0000,    0.8282,    0.6170,    0.9807,   -0.6683,    0.4156,
   -0.8713,   -1.0000,    0.2933,   -1.0000,   -0.3951,    0.3413,    0.5263,   -0.5852,    1.0000,    0.8282,    0.6170,    0.9918,   -0.7086,    0.4444,
   -0.9368,   -1.0000,    0.2933,   -1.0000,   -0.3951,   -0.1565,   -0.2297,   -0.4601,    1.0000,    0.8282,    0.6170,    0.9799,   -0.5204,    0.3733,
   -0.9467,   -1.0000,    0.2933,   -1.0000,   -0.1852,   -0.1148,   -0.1967,   -0.5282,    1.0000,    0.8282,    0.6170,    0.8680,   -0.3593,    0.3467,
   -0.9176,   -1.0000,    0.2933,   -1.0000,   -0.1852,    0.0542,    0.0093,   -0.4795,    1.0000,    0.8282,    0.6170,    0.9582,   -0.5116,    0.3600,
   -0.8722,   -1.0000,    0.2933,   -1.0000,   -0.1852,   -0.0217,    0.5839,   -0.5605,    1.0000,    0.8282,    0.6170,    0.9787,   -0.2688,    0.3133,
   -0.8914,   -1.0000,    0.2933,   -1.0000,   -0.1852,   -0.1017,    0.0360,   -0.6321,    1.0000,    0.8282,    0.6170,    0.9562,   -0.4636,    0.3467,
   -0.9968,   -1.0000,    1.0000,   -1.0000,   -0.0782,   -0.2746,    0.8496,   -0.8743,   -0.7391,    1.0000,    0.5957,    0.9909,   -0.0988,    0.2267,
   -0.9960,   -1.0000,    1.0000,   -1.0000,   -0.0782,   -0.2899,    0.9650,   -0.8862,   -0.7391,    1.0000,    0.5957,    0.7335,    0.2274,    0.0444,
   -0.9955,   -1.0000,    1.0000,   -1.0000,   -0.0782,   -0.4129,    0.9588,   -0.8740,   -0.7391,    1.0000,    0.5957,    0.6043,    0.5425,    0.0689,
   -0.9978,   -1.0000,    1.0000,   -1.0000,   -0.0782,   -0.0719,    0.9753,   -0.8657,   -0.7391,    1.0000,    0.5957,    0.9658,   -0.0982,    0.1911,
   -0.9976,   -1.0000,    1.0000,   -1.0000,   -0.0782,   -0.0719,    0.6601,   -0.8217,   -0.7391,    1.0000,    0.5957,    1.0000,   -0.3587,    0.3356,
   -0.9962,   -1.0000,   -0.3233,   -1.0000,   -0.1770,   -0.1776,    0.0525,   -0.7723,   -0.5652,   -0.2214,    0.4043,    1.0000,   -0.4327,    0.3733,
   -0.9939,   -1.0000,   -0.3233,   -1.0000,   -0.1770,   -0.0937,   -0.1823,   -0.7723,   -0.5652,   -0.2214,    0.4043,    1.0000,   -0.3455,    0.4333,
   -0.9961,   -1.0000,   -0.3233,   -1.0000,   -0.1770,   -0.1918,   -0.4665,   -0.6965,   -0.5652,   -0.2214,    0.4043,    0.9818,   -0.1242,    0.4022,
   -0.9936,   -1.0000,   -0.3233,   -1.0000,   -0.1770,   -0.2991,    0.4418,   -0.6965,   -0.5652,   -0.2214,    0.4043,    1.0000,    0.0712,    0.3267,
   -0.9941,   -1.0000,   -0.3233,   -1.0000,   -0.1770,   -0.1443,    0.3944,   -0.6793,   -0.5652,   -0.2214,    0.4043,    1.0000,   -0.3173,    0.2956,
   -0.9948,   -1.0000,   -0.3233,   -1.0000,   -0.1770,   -0.0581,    0.2853,   -0.7673,   -0.5652,   -0.2214,    0.4043,    1.0000,   -0.3825,    0.3600,
   -0.9961,   -1.0000,   -0.3233,   -1.0000,   -0.1770,   -0.2305,    0.4542,   -0.7690,   -0.5652,   -0.2214,    0.4043,    0.9943,   -0.2621,    0.2778,
   -0.9951,   -1.0000,   -0.3233,   -1.0000,   -0.1770,   -0.0550,    0.5819,   -0.7511,   -0.5652,   -0.2214,    0.4043,    1.0000,   -0.3046,    0.2622,
   -0.9987,   -1.0000,   -0.1591,   -1.0000,   -0.2263,    0.1619,    0.3635,   -0.7547,   -1.0000,   -0.6718,    0.7872,    0.9752,   -0.5618,    0.3867,
   -0.9991,   -1.0000,   -0.1591,   -1.0000,   -0.2263,   -0.0194,    0.5201,   -0.7894,   -1.0000,   -0.6718,    0.7872,    1.0000,   -0.5944,    0.3467,
   -0.9988,   -1.0000,   -0.1591,   -1.0000,   -0.2263,    0.3087,    0.8146,   -0.8112,   -1.0000,   -0.6718,    0.7872,    1.0000,   -0.7842,    0.4200,
   -0.9977,   -1.0000,   -0.1591,   -1.0000,   -0.2263,    0.2389,    0.7796,   -0.7710,   -1.0000,   -0.6718,    0.7872,    0.9826,   -0.7379,    0.3778,
   -0.9991,   -1.0000,   -0.1591,   -1.0000,   -0.2263,   -0.0538,    0.6045,   -0.7499,   -1.0000,   -0.6718,    0.7872,    1.0000,   -0.6606,    0.1533,
