0.0000 0.0000 0.0000
0.0000 0.2564 0.0000
0.0000 0.5128 0.0000
0.0000 0.7692 0.0000
0.0000 1.0256 0.0000
0.0000 1.2821 0.0000
0.0000 1.5385 0.0000
0.0000 1.7949 0.0000
0.0000 2.0513 0.0000
0.0000 2.3077 0.0000
0.0000 2.5641 0.0000
0.0000 2.8205 0.0000
0.0000 3.0769 0.0000
0.0000 3.3333 0.0000
0.0000 3.5897 0.0000
0.0000 3.8462 0.0001
0.0000 4.1026 0.0001
0.0000 4.3590 0.0001
0.0000 4.6154 0.0001
0.0000 4.8718 0.0001
0.0000 5.1282 0.0001
0.0000 5.3846 0.0001
0.0000 5.6410 0.0001
0.0000 5.8974 0.0001
0.0000 6.1538 0.0001
0.0000 6.4103 0.0000
0.0000 6.6667 0.0000
0.0000 6.9231 0.0000
0.0000 7.1795 0.0000
0.0000 7.4359 0.0000
0.0000 7.6923 0.0000
0.0000 7.9487 0.0000
0.0000 8.2051 0.0000
0.0000 8.4615 0.0000
0.0000 8.7179 0.0000
0.0000 8.9744 0.0000
0.0000 9.2308 0.0000
0.0000 9.4872 0.0000
0.0000 9.7436 0.0000
0.0000 10.0000 0.0000
0.2564 0.0000 0.0000
0.2564 0.2564 0.0000
0.2564 0.5128 0.0000
0.2564 0.7692 0.0000
0.2564 1.0256 0.0000
0.2564 1.2821 0.0000
0.2564 1.5385 0.0000
0.2564 1.7949 0.0000
0.2564 2.0513 0.0000
0.2564 2.3077 0.0000
0.2564 2.5641 0.0001
0.2564 2.8205 0.0001
0.2564 3.0769 0.0001
0.2564 3.3333 0.0001
0.2564 3.5897 0.0001
0.2564 3.8462 0.0001
0.2564 4.1026 0.0001
0.2564 4.3590 0.0001
0.2564 4.6154 0.0001
0.2564 4.8718 0.0001
0.2564 5.1282 0.0001
0.2564 5.3846 0.0001
0.2564 5.6410 0.0001
0.2564 5.8974 0.0001
0.2564 6.1538 0.0001
0.2564 6.4103 0.0001
0.2564 6.6667 0.0001
0.2564 6.9231 0.0001
0.2564 7.1795 0.0001
0.2564 7.4359 0.0001
0.2564 7.6923 0.0000
0.2564 7.9487 0.0000
0.2564 8.2051 0.0000
0.2564 8.4615 0.0000
0.2564 8.7179 0.0000
0.2564 8.9744 0.0000
0.2564 9.2308 0.0000
0.2564 9.4872 0.0000
0.2564 9.7436 0.0000
0.2564 10.0000 0.0000
0.5128 0.0000 0.0000
0.5128 0.2564 0.0000
0.5128 0.5128 0.0000
0.5128 0.7692 0.0000
0.5128 1.0256 0.0000
0.5128 1.2821 0.0000
0.5128 1.5385 0.0000
0.5128 1.7949 0.0001
0.5128 2.0513 0.0001
0.5128 2.3077 0.0001
0.5128 2.5641 0.0001
0.5128 2.8205 0.0001
0.5128 3.0769 0.0001
0.5128 3.3333 0.0001
0.5128 3.5897 0.0001
0.5128 3.8462 0.0002
0.5128 4.1026 0.0002
0.5128 4.3590 0.0002
0.5128 4.6154 0.0002
0.5128 4.8718 0.0002
0.5128 5.1282 0.0002
0.5128 5.3846 0.0002
0.5128 5.6410 0.0002
0.5128 5.8974 0.0002
0.5128 6.1538 0.0002
0.5128 6.4103 0.0001
0.5128 6.6667 0.0001
0.5128 6.9231 0.0001
0.5128 7.1795 0.0001
0.5128 7.4359 0.0001
0.5128 7.6923 0.0001
0.5128 7.9487 0.0001
0.5128 8.2051 0.0001
0.5128 8.4615 0.0000
0.5128 8.7179 0.0000
0.5128 8.9744 0.0000
0.5128 9.2308 0.0000
0.5128 9.4872 0.0000
0.5128 9.7436 0.0000
0.5128 10.0000 0.0000
0.7692 0.0000 0.0000
0.7692 0.2564 0.0000
0.7692 0.5128 0.0000
0.7692 0.7692 0.0000
0.7692 1.0256 0.0000
0.7692 1.2821 0.0001
0.7692 1.5385 0.0001
0.7692 1.7949 0.0001
0.7692 2.0513 0.0001
0.7692 2.3077 0.0001
0.7692 2.5641 0.0001
0.7692 2.8205 0.0002
0.7692 3.0769 0.0002
0.7692 3.3333 0.0002
0.7692 3.5897 0.0002
0.7692 3.8462 0.0003
0.7692 4.1026 0.0003
0.7692 4.3590 0.0003
0.7692 4.6154 0.0003
0.7692 4.8718 0.0003
0.7692 5.1282 0.0003
0.7692 5.3846 0.0003
0.7692 5.6410 0.0003
0.7692 5.8974 0.0003
0.7692 6.1538 0.0003
0.7692 6.4103 0.0002
0.7692 6.6667 0.0002
0.7692 6.9231 0.0002
0.7692 7.1795 0.0002
0.7692 7.4359 0.0001
0.7692 7.6923 0.0001
0.7692 7.9487 0.0001
0.7692 8.2051 0.0001
0.7692 8.4615 0.0001
0.7692 8.7179 0.0001
0.7692 8.9744 0.0000
0.7692 9.2308 0.0000
0.7692 9.4872 0.0000
0.7692 9.7436 0.0000
0.7692 10.0000 0.0000
1.0256 0.0000 0.0000
1.0256 0.2564 0.0000
1.0256 0.5128 0.0000
1.0256 0.7692 0.0001
1.0256 1.0256 0.0001
1.0256 1.2821 0.0001
1.0256 1.5385 0.0001
1.0256 1.7949 0.0001
1.0256 2.0513 0.0002
1.0256 2.3077 0.0002
1.0256 2.5641 0.0002
1.0256 2.8205 0.0003
1.0256 3.0769 0.0003
1.0256 3.3333 0.0003
1.0256 3.5897 0.0004
1.0256 3.8462 0.0004
1.0256 4.1026 0.0004
1.0256 4.3590 0.0005
1.0256 4.6154 0.0005
1.0256 4.8718 0.0005
1.0256 5.1282 0.0005
1.0256 5.3846 0.0005
1.0256 5.6410 0.0005
1.0256 5.8974 0.0004
1.0256 6.1538 0.0004
1.0256 6.4103 0.0004
1.0256 6.6667 0.0003
1.0256 6.9231 0.0003
1.0256 7.1795 0.0003
1.0256 7.4359 0.0002
1.0256 7.6923 0.0002
1.0256 7.9487 0.0002
1.0256 8.2051 0.0001
1.0256 8.4615 0.0001
1.0256 8.7179 0.0001
1.0256 8.9744 0.0001
1.0256 9.2308 0.0001
1.0256 9.4872 0.0000
1.0256 9.7436 0.0000
1.0256 10.0000 0.0000
1.2821 0.0000 0.0000
1.2821 0.2564 0.0001
1.2821 0.5128 0.0001
1.2821 0.7692 0.0001
1.2821 1.0256 0.0001
1.2821 1.2821 0.0001
1.2821 1.5385 0.0002
1.2821 1.7949 0.0002
1.2821 2.0513 0.0003
1.2821 2.3077 0.0003
1.2821 2.5641 0.0004
1.2821 2.8205 0.0004
1.2821 3.0769 0.0005
1.2821 3.3333 0.0006
1.2821 3.5897 0.0006
1.2821 3.8462 0.0007
1.2821 4.1026 0.0007
1.2821 4.3590 0.0007
1.2821 4.6154 0.0008
1.2821 4.8718 0.0008
1.2821 5.1282 0.0008
1.2821 5.3846 0.0008
1.2821 5.6410 0.0007
1.2821 5.8974 0.0007
1.2821 6.1538 0.0007
1.2821 6.4103 0.0006
1.2821 6.6667 0.0006
1.2821 6.9231 0.0005
1.2821 7.1795 0.0004
1.2821 7.4359 0.0004
1.2821 7.6923 0.0003
1.2821 7.9487 0.0003
1.2821 8.2051 0.0002
1.2821 8.4615 0.0002
1.2821 8.7179 0.0001
1.2821 8.9744 0.0001
1.2821 9.2308 0.0001
1.2821 9.4872 0.0001
1.2821 9.7436 0.0001
1.2821 10.0000 0.0000
1.5385 0.0000 0.0001
1.5385 0.2564 0.0001
1.5385 0.5128 0.0001
1.5385 0.7692 0.0001
1.5385 1.0256 0.0002
1.5385 1.2821 0.0002
1.5385 1.5385 0.0003
1.5385 1.7949 0.0004
1.5385 2.0513 0.0004
1.5385 2.3077 0.0005
1.5385 2.5641 0.0006
1.5385 2.8205 0.0007
1.5385 3.0769 0.0008
1.5385 3.3333 0.0009
1.5385 3.5897 0.0010
1.5385 3.8462 0.0011
1.5385 4.1026 0.0011
1.5385 4.3590 0.0012
1.5385 4.6154 0.0012
1.5385 4.8718 0.0013
1.5385 5.1282 0.0013
1.5385 5.3846 0.0012
1.5385 5.6410 0.0012
1.5385 5.8974 0.0011
1.5385 6.1538 0.0011
1.5385 6.4103 0.0010
1.5385 6.6667 0.0009
1.5385 6.9231 0.0008
1.5385 7.1795 0.0007
1.5385 7.4359 0.0006
1.5385 7.6923 0.0005
1.5385 7.9487 0.0004
1.5385 8.2051 0.0004
1.5385 8.4615 0.0003
1.5385 8.7179 0.0002
1.5385 8.9744 0.0002
1.5385 9.2308 0.0001
1.5385 9.4872 0.0001
1.5385 9.7436 0.0001
1.5385 10.0000 0.0001
1.7949 0.0000 0.0001
1.7949 0.2564 0.0001
1.7949 0.5128 0.0002
1.7949 0.7692 0.0002
1.7949 1.0256 0.0003
1.7949 1.2821 0.0004
1.7949 1.5385 0.0005
1.7949 1.7949 0.0006
1.7949 2.0513 0.0007
1.7949 2.3077 0.0008
1.7949 2.5641 0.0010
1.7949 2.8205 0.0011
1.7949 3.0769 0.0013
1.7949 3.3333 0.0014
1.7949 3.5897 0.0016
1.7949 3.8462 0.0017
1.7949 4.1026 0.0018
1.7949 4.3590 0.0019
1.7949 4.6154 0.0019
1.7949 4.8718 0.0020
1.7949 5.1282 0.0020
1.7949 5.3846 0.0019
1.7949 5.6410 0.0019
1.7949 5.8974 0.0018
1.7949 6.1538 0.0017
1.7949 6.4103 0.0016
1.7949 6.6667 0.0014
1.7949 6.9231 0.0013
1.7949 7.1795 0.0011
1.7949 7.4359 0.0010
1.7949 7.6923 0.0008
1.7949 7.9487 0.0007
1.7949 8.2051 0.0006
1.7949 8.4615 0.0005
1.7949 8.7179 0.0004
1.7949 8.9744 0.0003
1.7949 9.2308 0.0002
1.7949 9.4872 0.0002
1.7949 9.7436 0.0001
1.7949 10.0000 0.0001
2.0513 0.0000 0.0002
2.0513 0.2564 0.0002
2.0513 0.5128 0.0003
2.0513 0.7692 0.0004
2.0513 1.0256 0.0005
2.0513 1.2821 0.0006
2.0513 1.5385 0.0007
2.0513 1.7949 0.0009
2.0513 2.0513 0.0011
2.0513 2.3077 0.0013
2.0513 2.5641 0.0015
2.0513 2.8205 0.0017
2.0513 3.0769 0.0020
2.0513 3.3333 0.0022
2.0513 3.5897 0.0024
2.0513 3.8462 0.0026
2.0513 4.1026 0.0028
2.0513 4.3590 0.0029
2.0513 4.6154 0.0030
2.0513 4.8718 0.0030
2.0513 5.1282 0.0030
2.0513 5.3846 0.0030
2.0513 5.6410 0.0029
2.0513 5.8974 0.0028
2.0513 6.1538 0.0026
2.0513 6.4103 0.0024
2.0513 6.6667 0.0022
2.0513 6.9231 0.0020
2.0513 7.1795 0.0017
2.0513 7.4359 0.0015
2.0513 7.6923 0.0013
2.0513 7.9487 0.0011
2.0513 8.2051 0.0009
2.0513 8.4615 0.0007
2.0513 8.7179 0.0006
2.0513 8.9744 0.0005
2.0513 9.2308 0.0004
2.0513 9.4872 0.0003
2.0513 9.7436 0.0002
2.0513 10.0000 0.0002
2.3077 0.0000 0.0002
2.3077 0.2564 0.0003
2.3077 0.5128 0.0004
2.3077 0.7692 0.0005
2.3077 1.0256 0.0007
2.3077 1.2821 0.0009
2.3077 1.5385 0.0011
2.3077 1.7949 0.0014
2.3077 2.0513 0.0016
2.3077 2.3077 0.0019
2.3077 2.5641 0.0023
2.3077 2.8205 0.0026
2.3077 3.0769 0.0030
2.3077 3.3333 0.0033
2.3077 3.5897 0.0036
2.3077 3.8462 0.0039
2.3077 4.1026 0.0042
2.3077 4.3590 0.0044
2.3077 4.6154 0.0046
2.3077 4.8718 0.0046
2.3077 5.1282 0.0046
2.3077 5.3846 0.0046
2.3077 5.6410 0.0044
2.3077 5.8974 0.0042
2.3077 6.1538 0.0039
2.3077 6.4103 0.0036
2.3077 6.6667 0.0033
2.3077 6.9231 0.0030
2.3077 7.1795 0.0026
2.3077 7.4359 0.0023
2.3077 7.6923 0.0019
2.3077 7.9487 0.0016
2.3077 8.2051 0.0014
2.3077 8.4615 0.0011
2.3077 8.7179 0.0009
2.3077 8.9744 0.0007
2.3077 9.2308 0.0005
2.3077 9.4872 0.0004
2.3077 9.7436 0.0003
2.3077 10.0000 0.0002
2.5641 0.0000 0.0003
2.5641 0.2564 0.0005
2.5641 0.5128 0.0006
2.5641 0.7692 0.0008
2.5641 1.0256 0.0010
2.5641 1.2821 0.0013
2.5641 1.5385 0.0016
2.5641 1.7949 0.0020
2.5641 2.0513 0.0024
2.5641 2.3077 0.0029
2.5641 2.5641 0.0034
2.5641 2.8205 0.0039
2.5641 3.0769 0.0045
2.5641 3.3333 0.0050
2.5641 3.5897 0.0055
2.5641 3.8462 0.0059
2.5641 4.1026 0.0063
2.5641 4.3590 0.0066
2.5641 4.6154 0.0068
2.5641 4.8718 0.0069
2.5641 5.1282 0.0069
2.5641 5.3846 0.0068
2.5641 5.6410 0.0066
2.5641 5.8974 0.0063
2.5641 6.1538 0.0059
2.5641 6.4103 0.0055
2.5641 6.6667 0.0050
2.5641 6.9231 0.0045
2.5641 7.1795 0.0039
2.5641 7.4359 0.0034
2.5641 7.6923 0.0029
2.5641 7.9487 0.0024
2.5641 8.2051 0.0020
2.5641 8.4615 0.0016
2.5641 8.7179 0.0013
2.5641 8.9744 0.0010
2.5641 9.2308 0.0008
2.5641 9.4872 0.0006
2.5641 9.7436 0.0005
2.5641 10.0000 0.0003
2.8205 0.0000 0.0005
2.8205 0.2564 0.0007
2.8205 0.5128 0.0009
2.8205 0.7692 0.0012
2.8205 1.0256 0.0015
2.8205 1.2821 0.0019
2.8205 1.5385 0.0024
2.8205 1.7949 0.0030
2.8205 2.0513 0.0036
2.8205 2.3077 0.0043
2.8205 2.5641 0.0050
2.8205 2.8205 0.0058
2.8205 3.0769 0.0066
2.8205 3.3333 0.0073
2.8205 3.5897 0.0081
2.8205 3.8462 0.0087
2.8205 4.1026 0.0093
2.8205 4.3590 0.0097
2.8205 4.6154 0.0101
2.8205 4.8718 0.0102
2.8205 5.1282 0.0102
2.8205 5.3846 0.0101
2.8205 5.6410 0.0097
2.8205 5.8974 0.0093
2.8205 6.1538 0.0087
2.8205 6.4103 0.0081
2.8205 6.6667 0.0073
2.8205 6.9231 0.0066
2.8205 7.1795 0.0058
2.8205 7.4359 0.0050
2.8205 7.6923 0.0043
2.8205 7.9487 0.0036
2.8205 8.2051 0.0030
2.8205 8.4615 0.0024
2.8205 8.7179 0.0019
2.8205 8.9744 0.0015
2.8205 9.2308 0.0012
2.8205 9.4872 0.0009
2.8205 9.7436 0.0007
2.8205 10.0000 0.0005
3.0769 0.0000 0.0007
3.0769 0.2564 0.0010
3.0769 0.5128 0.0013
3.0769 0.7692 0.0017
3.0769 1.0256 0.0022
3.0769 1.2821 0.0028
3.0769 1.5385 0.0035
3.0769 1.7949 0.0043
3.0769 2.0513 0.0052
3.0769 2.3077 0.0062
3.0769 2.5641 0.0073
3.0769 2.8205 0.0084
3.0769 3.0769 0.0095
3.0769 3.3333 0.0106
3.0769 3.5897 0.0117
3.0769 3.8462 0.0127
3.0769 4.1026 0.0135
3.0769 4.3590 0.0141
3.0769 4.6154 0.0146
3.0769 4.8718 0.0148
3.0769 5.1282 0.0148
3.0769 5.3846 0.0146
3.0769 5.6410 0.0141
3.0769 5.8974 0.0135
3.0769 6.1538 0.0127
3.0769 6.4103 0.0117
3.0769 6.6667 0.0106
3.0769 6.9231 0.0095
3.0769 7.1795 0.0084
3.0769 7.4359 0.0073
3.0769 7.6923 0.0062
3.0769 7.9487 0.0052
3.0769 8.2051 0.0043
3.0769 8.4615 0.0035
3.0769 8.7179 0.0028
3.0769 8.9744 0.0022
3.0769 9.2308 0.0017
3.0769 9.4872 0.0013
3.0769 9.7436 0.0010
3.0769 10.0000 0.0007
3.3333 0.0000 0.0011
3.3333 0.2564 0.0014
3.3333 0.5128 0.0019
3.3333 0.7692 0.0025
3.3333 1.0256 0.0032
3.3333 1.2821 0.0040
3.3333 1.5385 0.0050
3.3333 1.7949 0.0062
3.3333 2.0513 0.0075
3.3333 2.3077 0.0089
3.3333 2.5641 0.0104
3.3333 2.8205 0.0120
3.3333 3.0769 0.0136
3.3333 3.3333 0.0152
3.3333 3.5897 0.0167
3.3333 3.8462 0.0181
3.3333 4.1026 0.0193
3.3333 4.3590 0.0202
3.3333 4.6154 0.0208
3.3333 4.8718 0.0212
3.3333 5.1282 0.0212
3.3333 5.3846 0.0208
3.3333 5.6410 0.0202
3.3333 5.8974 0.0193
3.3333 6.1538 0.0181
3.3333 6.4103 0.0167
3.3333 6.6667 0.0152
3.3333 6.9231 0.0136
3.3333 7.1795 0.0120
3.3333 7.4359 0.0104
3.3333 7.6923 0.0089
3.3333 7.9487 0.0075
3.3333 8.2051 0.0062
3.3333 8.4615 0.0050
3.3333 8.7179 0.0040
3.3333 8.9744 0.0032
3.3333 9.2308 0.0025
3.3333 9.4872 0.0019
3.3333 9.7436 0.0014
3.3333 10.0000 0.0011
3.5897 0.0000 0.0015
3.5897 0.2564 0.0020
3.5897 0.5128 0.0027
3.5897 0.7692 0.0035
3.5897 1.0256 0.0045
3.5897 1.2821 0.0057
3.5897 1.5385 0.0071
3.5897 1.7949 0.0087
3.5897 2.0513 0.0105
3.5897 2.3077 0.0125
3.5897 2.5641 0.0146
3.5897 2.8205 0.0169
3.5897 3.0769 0.0191
3.5897 3.3333 0.0214
3.5897 3.5897 0.0235
3.5897 3.8462 0.0254
3.5897 4.1026 0.0271
3.5897 4.3590 0.0284
3.5897 4.6154 0.0293
3.5897 4.8718 0.0298
3.5897 5.1282 0.0298
3.5897 5.3846 0.0293
3.5897 5.6410 0.0284
3.5897 5.8974 0.0271
3.5897 6.1538 0.0254
3.5897 6.4103 0.0235
3.5897 6.6667 0.0214
3.5897 6.9231 0.0191
3.5897 7.1795 0.0169
3.5897 7.4359 0.0146
3.5897 7.6923 0.0125
3.5897 7.9487 0.0105
3.5897 8.2051 0.0087
3.5897 8.4615 0.0071
3.5897 8.7179 0.0057
3.5897 8.9744 0.0045
3.5897 9.2308 0.0035
3.5897 9.4872 0.0027
3.5897 9.7436 0.0020
3.5897 10.0000 0.0015
3.8462 0.0000 0.0021
3.8462 0.2564 0.0028
3.8462 0.5128 0.0037
3.8462 0.7692 0.0048
3.8462 1.0256 0.0062
3.8462 1.2821 0.0079
3.8462 1.5385 0.0098
3.8462 1.7949 0.0120
3.8462 2.0513 0.0145
3.8462 2.3077 0.0173
3.8462 2.5641 0.0203
3.8462 2.8205 0.0233
3.8462 3.0769 0.0265
3.8462 3.3333 0.0296
3.8462 3.5897 0.0325
3.8462 3.8462 0.0352
3.8462 4.1026 0.0375
3.8462 4.3590 0.0393
3.8462 4.6154 0.0406
3.8462 4.8718 0.0412
3.8462 5.1282 0.0412
3.8462 5.3846 0.0406
3.8462 5.6410 0.0393
3.8462 5.8974 0.0375
3.8462 6.1538 0.0352
3.8462 6.4103 0.0325
3.8462 6.6667 0.0296
3.8462 6.9231 0.0265
3.8462 7.1795 0.0233
3.8462 7.4359 0.0203
3.8462 7.6923 0.0173
3.8462 7.9487 0.0145
3.8462 8.2051 0.0120
3.8462 8.4615 0.0098
3.8462 8.7179 0.0079
3.8462 8.9744 0.0062
3.8462 9.2308 0.0048
3.8462 9.4872 0.0037
3.8462 9.7436 0.0028
3.8462 10.0000 0.0021
4.1026 0.0000 0.0028
4.1026 0.2564 0.0038
4.1026 0.5128 0.0050
4.1026 0.7692 0.0066
4.1026 1.0256 0.0084
4.1026 1.2821 0.0107
4.1026 1.5385 0.0134
4.1026 1.7949 0.0164
4.1026 2.0513 0.0198
4.1026 2.3077 0.0236
4.1026 2.5641 0.0276
4.1026 2.8205 0.0318
4.1026 3.0769 0.0361
4.1026 3.3333 0.0403
4.1026 3.5897 0.0443
4.1026 3.8462 0.0479
4.1026 4.1026 0.0511
4.1026 4.3590 0.0535
4.1026 4.6154 0.0552
4.1026 4.8718 0.0561
4.1026 5.1282 0.0561
4.1026 5.3846 0.0552
4.1026 5.6410 0.0535
4.1026 5.8974 0.0511
4.1026 6.1538 0.0479
4.1026 6.4103 0.0443
4.1026 6.6667 0.0403
4.1026 6.9231 0.0361
4.1026 7.1795 0.0318
4.1026 7.4359 0.0276
4.1026 7.6923 0.0236
4.1026 7.9487 0.0198
4.1026 8.2051 0.0164
4.1026 8.4615 0.0134
4.1026 8.7179 0.0107
4.1026 8.9744 0.0084
4.1026 9.2308 0.0066
4.1026 9.4872 0.0050
4.1026 9.7436 0.0038
4.1026 10.0000 0.0028
4.3590 0.0000 0.0038
4.3590 0.2564 0.0051
4.3590 0.5128 0.0067
4.3590 0.7692 0.0088
4.3590 1.0256 0.0113
4.3590 1.2821 0.0144
4.3590 1.5385 0.0179
4.3590 1.7949 0.0220
4.3590 2.0513 0.0266
4.3590 2.3077 0.0316
4.3590 2.5641 0.0370
4.3590 2.8205 0.0427
4.3590 3.0769 0.0484
4.3590 3.3333 0.0540
4.3590 3.5897 0.0594
4.3590 3.8462 0.0643
4.3590 4.1026 0.0685
4.3590 4.3590 0.0718
4.3590 4.6154 0.0741
4.3590 4.8718 0.0753
4.3590 5.1282 0.0753
4.3590 5.3846 0.0741
4.3590 5.6410 0.0718
4.3590 5.8974 0.0685
4.3590 6.1538 0.0643
4.3590 6.4103 0.0594
4.3590 6.6667 0.0540
4.3590 6.9231 0.0484
4.3590 7.1795 0.0427
4.3590 7.4359 0.0370
4.3590 7.6923 0.0316
4.3590 7.9487 0.0266
4.3590 8.2051 0.0220
4.3590 8.4615 0.0179
4.3590 8.7179 0.0144
4.3590 8.9744 0.0113
4.3590 9.2308 0.0088
4.3590 9.4872 0.0067
4.3590 9.7436 0.0051
4.3590 10.0000 0.0038
4.6154 0.0000 0.0050
4.6154 0.2564 0.0067
4.6154 0.5128 0.0089
4.6154 0.7692 0.0116
4.6154 1.0256 0.0150
4.6154 1.2821 0.0190
4.6154 1.5385 0.0236
4.6154 1.7949 0.0290
4.6154 2.0513 0.0351
4.6154 2.3077 0.0417
4.6154 2.5641 0.0488
4.6154 2.8205 0.0563
4.6154 3.0769 0.0639
4.6154 3.3333 0.0713
4.6154 3.5897 0.0784
4.6154 3.8462 0.0849
4.6154 4.1026 0.0904
4.6154 4.3590 0.0948
4.6154 4.6154 0.0978
4.6154 4.8718 0.0994
4.6154 5.1282 0.0994
4.6154 5.3846 0.0978
4.6154 5.6410 0.0948
4.6154 5.8974 0.0904
4.6154 6.1538 0.0849
4.6154 6.4103 0.0784
4.6154 6.6667 0.0713
4.6154 6.9231 0.0639
4.6154 7.1795 0.0563
4.6154 7.4359 0.0488
4.6154 7.6923 0.0417
4.6154 7.9487 0.0351
4.6154 8.2051 0.0290
4.6154 8.4615 0.0236
4.6154 8.7179 0.0190
4.6154 8.9744 0.0150
4.6154 9.2308 0.0116
4.6154 9.4872 0.0089
4.6154 9.7436 0.0067
4.6154 10.0000 0.0050
4.8718 0.0000 0.0064
4.8718 0.2564 0.0087
4.8718 0.5128 0.0115
4.8718 0.7692 0.0151
4.8718 1.0256 0.0194
4.8718 1.2821 0.0246
4.8718 1.5385 0.0307
4.8718 1.7949 0.0377
4.8718 2.0513 0.0456
4.8718 2.3077 0.0542
4.8718 2.5641 0.0635
4.8718 2.8205 0.0732
4.8718 3.0769 0.0830
4.8718 3.3333 0.0927
4.8718 3.5897 0.1019
4.8718 3.8462 0.1103
4.8718 4.1026 0.1175
4.8718 4.3590 0.1231
4.8718 4.6154 0.1271
4.8718 4.8718 0.1291
4.8718 5.1282 0.1291
4.8718 5.3846 0.1271
4.8718 5.6410 0.1231
4.8718 5.8974 0.1175
4.8718 6.1538 0.1103
4.8718 6.4103 0.1019
4.8718 6.6667 0.0927
4.8718 6.9231 0.0830
4.8718 7.1795 0.0732
4.8718 7.4359 0.0635
4.8718 7.6923 0.0542
4.8718 7.9487 0.0456
4.8718 8.2051 0.0377
4.8718 8.4615 0.0307
4.8718 8.7179 0.0246
4.8718 8.9744 0.0194
4.8718 9.2308 0.0151
4.8718 9.4872 0.0115
4.8718 9.7436 0.0087
4.8718 10.0000 0.0064
5.1282 0.0000 0.0082
5.1282 0.2564 0.0111
5.1282 0.5128 0.0148
5.1282 0.7692 0.0193
5.1282 1.0256 0.0249
5.1282 1.2821 0.0315
5.1282 1.5385 0.0393
5.1282 1.7949 0.0482
5.1282 2.0513 0.0583
5.1282 2.3077 0.0693
5.1282 2.5641 0.0812
5.1282 2.8205 0.0936
5.1282 3.0769 0.1062
5.1282 3.3333 0.1186
5.1282 3.5897 0.1303
5.1282 3.8462 0.1410
5.1282 4.1026 0.1502
5.1282 4.3590 0.1575
5.1282 4.6154 0.1626
5.1282 4.8718 0.1652
5.1282 5.1282 0.1652
5.1282 5.3846 0.1626
5.1282 5.6410 0.1575
5.1282 5.8974 0.1502
5.1282 6.1538 0.1410
5.1282 6.4103 0.1303
5.1282 6.6667 0.1186
5.1282 6.9231 0.1062
5.1282 7.1795 0.0936
5.1282 7.4359 0.0812
5.1282 7.6923 0.0693
5.1282 7.9487 0.0583
5.1282 8.2051 0.0482
5.1282 8.4615 0.0393
5.1282 8.7179 0.0315
5.1282 8.9744 0.0249
5.1282 9.2308 0.0193
5.1282 9.4872 0.0148
5.1282 9.7436 0.0111
5.1282 10.0000 0.0082
5.3846 0.0000 0.0104
5.3846 0.2564 0.0140
5.3846 0.5128 0.0186
5.3846 0.7692 0.0243
5.3846 1.0256 0.0313
5.3846 1.2821 0.0397
5.3846 1.5385 0.0495
5.3846 1.7949 0.0607
5.3846 2.0513 0.0734
5.3846 2.3077 0.0873
5.3846 2.5641 0.1022
5.3846 2.8205 0.1178
5.3846 3.0769 0.1337
5.3846 3.3333 0.1493
5.3846 3.5897 0.1641
5.3846 3.8462 0.1776
5.3846 4.1026 0.1892
5.3846 4.3590 0.1983
5.3846 4.6154 0.2047
5.3846 4.8718 0.2079
5.3846 5.1282 0.2079
5.3846 5.3846 0.2047
5.3846 5.6410 0.1983
5.3846 5.8974 0.1892
5.3846 6.1538 0.1776
5.3846 6.4103 0.1641
5.3846 6.6667 0.1493
5.3846 6.9231 0.1337
5.3846 7.1795 0.1178
5.3846 7.4359 0.1022
5.3846 7.6923 0.0873
5.3846 7.9487 0.0734
5.3846 8.2051 0.0607
5.3846 8.4615 0.0495
5.3846 8.7179 0.0397
5.3846 8.9744 0.0313
5.3846 9.2308 0.0243
5.3846 9.4872 0.0186
5.3846 9.7436 0.0140
5.3846 10.0000 0.0104
5.6410 0.0000 0.0129
5.6410 0.2564 0.0174
5.6410 0.5128 0.0230
5.6410 0.7692 0.0301
5.6410 1.0256 0.0388
5.6410 1.2821 0.0492
5.6410 1.5385 0.0613
5.6410 1.7949 0.0753
5.6410 2.0513 0.0910
5.6410 2.3077 0.1082
5.6410 2.5641 0.1267
5.6410 2.8205 0.1460
5.6410 3.0769 0.1657
5.6410 3.3333 0.1850
5.6410 3.5897 0.2034
5.6410 3.8462 0.2201
5.6410 4.1026 0.2344
5.6410 4.3590 0.2458
5.6410 4.6154 0.2537
5.6410 4.8718 0.2577
5.6410 5.1282 0.2577
5.6410 5.3846 0.2537
5.6410 5.6410 0.2458
5.6410 5.8974 0.2344
5.6410 6.1538 0.2201
5.6410 6.4103 0.2034
5.6410 6.6667 0.1850
5.6410 6.9231 0.1657
5.6410 7.1795 0.1460
5.6410 7.4359 0.1267
5.6410 7.6923 0.1082
5.6410 7.9487 0.0910
5.6410 8.2051 0.0753
5.6410 8.4615 0.0613
5.6410 8.7179 0.0492
5.6410 8.9744 0.0388
5.6410 9.2308 0.0301
5.6410 9.4872 0.0230
5.6410 9.7436 0.0174
5.6410 10.0000 0.0129
5.8974 0.0000 0.0157
5.8974 0.2564 0.0212
5.8974 0.5128 0.0281
5.8974 0.7692 0.0368
5.8974 1.0256 0.0473
5.8974 1.2821 0.0600
5.8974 1.5385 0.0748
5.8974 1.7949 0.0918
5.8974 2.0513 0.1110
5.8974 2.3077 0.1320
5.8974 2.5641 0.1546
5.8974 2.8205 0.1782
5.8974 3.0769 0.2021
5.8974 3.3333 0.2257
5.8974 3.5897 0.2481
5.8974 3.8462 0.2685
5.8974 4.1026 0.2860
5.8974 4.3590 0.2999
5.8974 4.6154 0.3095
5.8974 4.8718 0.3144
5.8974 5.1282 0.3144
5.8974 5.3846 0.3095
5.8974 5.6410 0.2999
5.8974 5.8974 0.2860
5.8974 6.1538 0.2685
5.8974 6.4103 0.2481
5.8974 6.6667 0.2257
5.8974 6.9231 0.2021
5.8974 7.1795 0.1782
5.8974 7.4359 0.1546
5.8974 7.6923 0.1320
5.8974 7.9487 0.1110
5.8974 8.2051 0.0918
5.8974 8.4615 0.0748
5.8974 8.7179 0.0600
5.8974 8.9744 0.0473
5.8974 9.2308 0.0368
5.8974 9.4872 0.0281
5.8974 9.7436 0.0212
5.8974 10.0000 0.0157
6.1538 0.0000 0.0188
6.1538 0.2564 0.0254
6.1538 0.5128 0.0338
6.1538 0.7692 0.0442
6.1538 1.0256 0.0568
6.1538 1.2821 0.0720
6.1538 1.5385 0.0898
6.1538 1.7949 0.1103
6.1538 2.0513 0.1333
6.1538 2.3077 0.1585
6.1538 2.5641 0.1856
6.1538 2.8205 0.2139
6.1538 3.0769 0.2427
6.1538 3.3333 0.2711
6.1538 3.5897 0.2980
6.1538 3.8462 0.3224
6.1538 4.1026 0.3434
6.1538 4.3590 0.3601
6.1538 4.6154 0.3716
6.1538 4.8718 0.3776
6.1538 5.1282 0.3776
6.1538 5.3846 0.3716
6.1538 5.6410 0.3601
6.1538 5.8974 0.3434
6.1538 6.1538 0.3224
6.1538 6.4103 0.2980
6.1538 6.6667 0.2711
6.1538 6.9231 0.2427
6.1538 7.1795 0.2139
6.1538 7.4359 0.1856
6.1538 7.6923 0.1585
6.1538 7.9487 0.1333
6.1538 8.2051 0.1103
6.1538 8.4615 0.0898
6.1538 8.7179 0.0720
6.1538 8.9744 0.0568
6.1538 9.2308 0.0442
6.1538 9.4872 0.0338
6.1538 9.7436 0.0254
6.1538 10.0000 0.0188
6.4103 0.0000 0.0223
6.4103 0.2564 0.0300
6.4103 0.5128 0.0399
6.4103 0.7692 0.0522
6.4103 1.0256 0.0672
6.4103 1.2821 0.0851
6.4103 1.5385 0.1062
6.4103 1.7949 0.1303
6.4103 2.0513 0.1575
6.4103 2.3077 0.1874
6.4103 2.5641 0.2194
6.4103 2.8205 0.2529
6.4103 3.0769 0.2869
6.4103 3.3333 0.3204
6.4103 3.5897 0.3522
6.4103 3.8462 0.3811
6.4103 4.1026 0.4060
6.4103 4.3590 0.4257
6.4103 4.6154 0.4393
6.4103 4.8718 0.4463
6.4103 5.1282 0.4463
6.4103 5.3846 0.4393
6.4103 5.6410 0.4257
6.4103 5.8974 0.4060
6.4103 6.1538 0.3811
6.4103 6.4103 0.3522
6.4103 6.6667 0.3204
6.4103 6.9231 0.2869
6.4103 7.1795 0.2529
6.4103 7.4359 0.2194
6.4103 7.6923 0.1874
6.4103 7.9487 0.1575
6.4103 8.2051 0.1303
6.4103 8.4615 0.1062
6.4103 8.7179 0.0851
6.4103 8.9744 0.0672
6.4103 9.2308 0.0522
6.4103 9.4872 0.0399
6.4103 9.7436 0.0300
6.4103 10.0000 0.0223
6.6667 0.0000 0.0259
6.6667 0.2564 0.0350
6.6667 0.5128 0.0464
6.6667 0.7692 0.0607
6.6667 1.0256 0.0782
6.6667 1.2821 0.0991
6.6667 1.5385 0.1235
6.6667 1.7949 0.1517
6.6667 2.0513 0.1833
6.6667 2.3077 0.2180
6.6667 2.5641 0.2553
6.6667 2.8205 0.2942
6.6667 3.0769 0.3338
6.6667 3.3333 0.3728
6.6667 3.5897 0.4098
6.6667 3.8462 0.4435
6.6667 4.1026 0.4724
6.6667 4.3590 0.4953
6.6667 4.6154 0.5112
6.6667 4.8718 0.5193
6.6667 5.1282 0.5193
6.6667 5.3846 0.5112
6.6667 5.6410 0.4953
6.6667 5.8974 0.4724
6.6667 6.1538 0.4435
6.6667 6.4103 0.4098
6.6667 6.6667 0.3728
6.6667 6.9231 0.3338
6.6667 7.1795 0.2942
6.6667 7.4359 0.2553
6.6667 7.6923 0.2180
6.6667 7.9487 0.1833
6.6667 8.2051 0.1517
6.6667 8.4615 0.1235
6.6667 8.7179 0.0991
6.6667 8.9744 0.0782
6.6667 9.2308 0.0607
6.6667 9.4872 0.0464
6.6667 9.7436 0.0350
6.6667 10.0000 0.0259
6.9231 0.0000 0.0297
6.9231 0.2564 0.0400
6.9231 0.5128 0.0532
6.9231 0.7692 0.0696
6.9231 1.0256 0.0895
6.9231 1.2821 0.1134
6.9231 1.5385 0.1415
6.9231 1.7949 0.1737
6.9231 2.0513 0.2099
6.9231 2.3077 0.2497
6.9231 2.5641 0.2924
6.9231 2.8205 0.3370
6.9231 3.0769 0.3823
6.9231 3.3333 0.4270
6.9231 3.5897 0.4694
6.9231 3.8462 0.5079
6.9231 4.1026 0.5410
6.9231 4.3590 0.5673
6.9231 4.6154 0.5854
6.9231 4.8718 0.5948
6.9231 5.1282 0.5948
6.9231 5.3846 0.5854
6.9231 5.6410 0.5673
6.9231 5.8974 0.5410
6.9231 6.1538 0.5079
6.9231 6.4103 0.4694
6.9231 6.6667 0.4270
6.9231 6.9231 0.3823
6.9231 7.1795 0.3370
6.9231 7.4359 0.2924
6.9231 7.6923 0.2497
6.9231 7.9487 0.2099
6.9231 8.2051 0.1737
6.9231 8.4615 0.1415
6.9231 8.7179 0.1134
6.9231 8.9744 0.0895
6.9231 9.2308 0.0696
6.9231 9.4872 0.0532
6.9231 9.7436 0.0400
6.9231 10.0000 0.0297
7.1795 0.0000 0.0334
7.1795 0.2564 0.0451
7.1795 0.5128 0.0600
7.1795 0.7692 0.0784
7.1795 1.0256 0.1009
7.1795 1.2821 0.1279
7.1795 1.5385 0.1595
7.1795 1.7949 0.1958
7.1795 2.0513 0.2367
7.1795 2.3077 0.2815
7.1795 2.5641 0.3296
7.1795 2.8205 0.3799
7.1795 3.0769 0.4311
7.1795 3.3333 0.4814
7.1795 3.5897 0.5292
7.1795 3.8462 0.5727
7.1795 4.1026 0.6100
7.1795 4.3590 0.6395
7.1795 4.6154 0.6600
7.1795 4.8718 0.6705
7.1795 5.1282 0.6705
7.1795 5.3846 0.6600
7.1795 5.6410 0.6395
7.1795 5.8974 0.6100
7.1795 6.1538 0.5727
7.1795 6.4103 0.5292
7.1795 6.6667 0.4814
7.1795 6.9231 0.4311
7.1795 7.1795 0.3799
7.1795 7.4359 0.3296
7.1795 7.6923 0.2815
7.1795 7.9487 0.2367
7.1795 8.2051 0.1958
7.1795 8.4615 0.1595
7.1795 8.7179 0.1279
7.1795 8.9744 0.1009
7.1795 9.2308 0.0784
7.1795 9.4872 0.0600
7.1795 9.7436 0.0451
7.1795 10.0000 0.0334
7.4359 0.0000 0.0371
7.4359 0.2564 0.0501
7.4359 0.5128 0.0666
7.4359 0.7692 0.0870
7.4359 1.0256 0.1120
7.4359 1.2821 0.1419
7.4359 1.5385 0.1770
7.4359 1.7949 0.2173
7.4359 2.0513 0.2626
7.4359 2.3077 0.3124
7.4359 2.5641 0.3658
7.4359 2.8205 0.4216
7.4359 3.0769 0.4784
7.4359 3.3333 0.5342
7.4359 3.5897 0.5873
7.4359 3.8462 0.6355
7.4359 4.1026 0.6769
7.4359 4.3590 0.7097
7.4359 4.6154 0.7325
7.4359 4.8718 0.7441
7.4359 5.1282 0.7441
7.4359 5.3846 0.7325
7.4359 5.6410 0.7097
7.4359 5.8974 0.6769
7.4359 6.1538 0.6355
7.4359 6.4103 0.5873
7.4359 6.6667 0.5342
7.4359 6.9231 0.4784
7.4359 7.1795 0.4216
7.4359 7.4359 0.3658
7.4359 7.6923 0.3124
7.4359 7.9487 0.2626
7.4359 8.2051 0.2173
7.4359 8.4615 0.1770
7.4359 8.7179 0.1419
7.4359 8.9744 0.1120
7.4359 9.2308 0.0870
7.4359 9.4872 0.0666
7.4359 9.7436 0.0501
7.4359 10.0000 0.0371
7.6923 0.0000 0.0406
7.6923 0.2564 0.0547
7.6923 0.5128 0.0727
7.6923 0.7692 0.0951
7.6923 1.0256 0.1224
7.6923 1.2821 0.1551
7.6923 1.5385 0.1934
7.6923 1.7949 0.2374
7.6923 2.0513 0.2869
7.6923 2.3077 0.3413
7.6923 2.5641 0.3996
7.6923 2.8205 0.4606
7.6923 3.0769 0.5226
7.6923 3.3333 0.5836
7.6923 3.5897 0.6416
7.6923 3.8462 0.6942
7.6923 4.1026 0.7394
7.6923 4.3590 0.7753
7.6923 4.6154 0.8001
7.6923 4.8718 0.8129
7.6923 5.1282 0.8129
7.6923 5.3846 0.8001
7.6923 5.6410 0.7753
7.6923 5.8974 0.7394
7.6923 6.1538 0.6942
7.6923 6.4103 0.6416
7.6923 6.6667 0.5836
7.6923 6.9231 0.5226
7.6923 7.1795 0.4606
7.6923 7.4359 0.3996
7.6923 7.6923 0.3413
7.6923 7.9487 0.2869
7.6923 8.2051 0.2374
7.6923 8.4615 0.1934
7.6923 8.7179 0.1551
7.6923 8.9744 0.1224
7.6923 9.2308 0.0951
7.6923 9.4872 0.0727
7.6923 9.7436 0.0547
7.6923 10.0000 0.0406
7.9487 0.0000 0.0436
7.9487 0.2564 0.0588
7.9487 0.5128 0.0782
7.9487 0.7692 0.1022
7.9487 1.0256 0.1316
7.9487 1.2821 0.1667
7.9487 1.5385 0.2079
7.9487 1.7949 0.2553
7.9487 2.0513 0.3085
7.9487 2.3077 0.3670
7.9487 2.5641 0.4297
7.9487 2.8205 0.4953
7.9487 3.0769 0.5619
7.9487 3.3333 0.6275
7.9487 3.5897 0.6898
7.9487 3.8462 0.7465
7.9487 4.1026 0.7951
7.9487 4.3590 0.8337
7.9487 4.6154 0.8604
7.9487 4.8718 0.8741
7.9487 5.1282 0.8741
7.9487 5.3846 0.8604
7.9487 5.6410 0.8337
7.9487 5.8974 0.7951
7.9487 6.1538 0.7465
7.9487 6.4103 0.6898
7.9487 6.6667 0.6275
7.9487 6.9231 0.5619
7.9487 7.1795 0.4953
7.9487 7.4359 0.4297
7.9487 7.6923 0.3670
7.9487 7.9487 0.3085
7.9487 8.2051 0.2553
7.9487 8.4615 0.2079
7.9487 8.7179 0.1667
7.9487 8.9744 0.1316
7.9487 9.2308 0.1022
7.9487 9.4872 0.0782
7.9487 9.7436 0.0588
7.9487 10.0000 0.0436
8.2051 0.0000 0.0462
8.2051 0.2564 0.0623
8.2051 0.5128 0.0827
8.2051 0.7692 0.1082
8.2051 1.0256 0.1393
8.2051 1.2821 0.1765
8.2051 1.5385 0.2201
8.2051 1.7949 0.2702
8.2051 2.0513 0.3265
8.2051 2.3077 0.3884
8.2051 2.5641 0.4548
8.2051 2.8205 0.5242
8.2051 3.0769 0.5948
8.2051 3.3333 0.6642
8.2051 3.5897 0.7302
8.2051 3.8462 0.7901
8.2051 4.1026 0.8416
8.2051 4.3590 0.8824
8.2051 4.6154 0.9107
8.2051 4.8718 0.9252
8.2051 5.1282 0.9252
8.2051 5.3846 0.9107
8.2051 5.6410 0.8824
8.2051 5.8974 0.8416
8.2051 6.1538 0.7901
8.2051 6.4103 0.7302
8.2051 6.6667 0.6642
8.2051 6.9231 0.5948
8.2051 7.1795 0.5242
8.2051 7.4359 0.4548
8.2051 7.6923 0.3884
8.2051 7.9487 0.3265
8.2051 8.2051 0.2702
8.2051 8.4615 0.2201
8.2051 8.7179 0.1765
8.2051 8.9744 0.1393
8.2051 9.2308 0.1082
8.2051 9.4872 0.0827
8.2051 9.7436 0.0623
8.2051 10.0000 0.0462
8.4615 0.0000 0.0481
8.4615 0.2564 0.0649
8.4615 0.5128 0.0862
8.4615 0.7692 0.1127
8.4615 1.0256 0.1451
8.4615 1.2821 0.1839
8.4615 1.5385 0.2293
8.4615 1.7949 0.2815
8.4615 2.0513 0.3402
8.4615 2.3077 0.4047
8.4615 2.5641 0.4739
8.4615 2.8205 0.5462
8.4615 3.0769 0.6197
8.4615 3.3333 0.6920
8.4615 3.5897 0.7607
8.4615 3.8462 0.8232
8.4615 4.1026 0.8768
8.4615 4.3590 0.9193
8.4615 4.6154 0.9488
8.4615 4.8718 0.9639
8.4615 5.1282 0.9639
8.4615 5.3846 0.9488
8.4615 5.6410 0.9193
8.4615 5.8974 0.8768
8.4615 6.1538 0.8232
8.4615 6.4103 0.7607
8.4615 6.6667 0.6920
8.4615 6.9231 0.6197
8.4615 7.1795 0.5462
8.4615 7.4359 0.4739
8.4615 7.6923 0.4047
8.4615 7.9487 0.3402
8.4615 8.2051 0.2815
8.4615 8.4615 0.2293
8.4615 8.7179 0.1839
8.4615 8.9744 0.1451
8.4615 9.2308 0.1127
8.4615 9.4872 0.0862
8.4615 9.7436 0.0649
8.4615 10.0000 0.0481
8.7179 0.0000 0.0493
8.7179 0.2564 0.0666
8.7179 0.5128 0.0884
8.7179 0.7692 0.1156
8.7179 1.0256 0.1488
8.7179 1.2821 0.1886
8.7179 1.5385 0.2352
8.7179 1.7949 0.2887
8.7179 2.0513 0.3489
8.7179 2.3077 0.4150
8.7179 2.5641 0.4860
8.7179 2.8205 0.5601
8.7179 3.0769 0.6355
8.7179 3.3333 0.7097
8.7179 3.5897 0.7802
8.7179 3.8462 0.8442
8.7179 4.1026 0.8993
8.7179 4.3590 0.9428
8.7179 4.6154 0.9731
8.7179 4.8718 0.9885
8.7179 5.1282 0.9885
8.7179 5.3846 0.9731
8.7179 5.6410 0.9428
8.7179 5.8974 0.8993
8.7179 6.1538 0.8442
8.7179 6.4103 0.7802
8.7179 6.6667 0.7097
8.7179 6.9231 0.6355
8.7179 7.1795 0.5601
8.7179 7.4359 0.4860
8.7179 7.6923 0.4150
8.7179 7.9487 0.3489
8.7179 8.2051 0.2887
8.7179 8.4615 0.2352
8.7179 8.7179 0.1886
8.7179 8.9744 0.1488
8.7179 9.2308 0.1156
8.7179 9.4872 0.0884
8.7179 9.7436 0.0666
8.7179 10.0000 0.0493
8.9744 0.0000 0.0498
8.9744 0.2564 0.0672
8.9744 0.5128 0.0893
8.9744 0.7692 0.1167
8.9744 1.0256 0.1502
8.9744 1.2821 0.1904
8.9744 1.5385 0.2374
8.9744 1.7949 0.2915
8.9744 2.0513 0.3522
8.9744 2.3077 0.4190
8.9744 2.5641 0.4906
8.9744 2.8205 0.5655
8.9744 3.0769 0.6416
8.9744 3.3333 0.7165
8.9744 3.5897 0.7876
8.9744 3.8462 0.8523
8.9744 4.1026 0.9078
8.9744 4.3590 0.9518
8.9744 4.6154 0.9823
8.9744 4.8718 0.9980
8.9744 5.1282 0.9980
8.9744 5.3846 0.9823
8.9744 5.6410 0.9518
8.9744 5.8974 0.9078
8.9744 6.1538 0.8523
8.9744 6.4103 0.7876
8.9744 6.6667 0.7165
8.9744 6.9231 0.6416
8.9744 7.1795 0.5655
8.9744 7.4359 0.4906
8.9744 7.6923 0.4190
8.9744 7.9487 0.3522
8.9744 8.2051 0.2915
8.9744 8.4615 0.2374
8.9744 8.7179 0.1904
8.9744 8.9744 0.1502
8.9744 9.2308 0.1167
8.9744 9.4872 0.0893
8.9744 9.7436 0.0672
8.9744 10.0000 0.0498
9.2308 0.0000 0.0495
9.2308 0.2564 0.0668
9.2308 0.5128 0.0887
9.2308 0.7692 0.1160
9.2308 1.0256 0.1493
9.2308 1.2821 0.1892
9.2308 1.5385 0.2359
9.2308 1.7949 0.2896
9.2308 2.0513 0.3500
9.2308 2.3077 0.4164
9.2308 2.5641 0.4875
9.2308 2.8205 0.5619
9.2308 3.0769 0.6375
9.2308 3.3333 0.7120
9.2308 3.5897 0.7827
9.2308 3.8462 0.8469
9.2308 4.1026 0.9021
9.2308 4.3590 0.9458
9.2308 4.6154 0.9761
9.2308 4.8718 0.9917
9.2308 5.1282 0.9917
9.2308 5.3846 0.9761
9.2308 5.6410 0.9458
9.2308 5.8974 0.9021
9.2308 6.1538 0.8469
9.2308 6.4103 0.7827
9.2308 6.6667 0.7120
9.2308 6.9231 0.6375
9.2308 7.1795 0.5619
9.2308 7.4359 0.4875
9.2308 7.6923 0.4164
9.2308 7.9487 0.3500
9.2308 8.2051 0.2896
9.2308 8.4615 0.2359
9.2308 8.7179 0.1892
9.2308 8.9744 0.1493
9.2308 9.2308 0.1160
9.2308 9.4872 0.0887
9.2308 9.7436 0.0668
9.2308 10.0000 0.0495
9.4872 0.0000 0.0484
9.4872 0.2564 0.0653
9.4872 0.5128 0.0868
9.4872 0.7692 0.1134
9.4872 1.0256 0.1460
9.4872 1.2821 0.1850
9.4872 1.5385 0.2308
9.4872 1.7949 0.2833
9.4872 2.0513 0.3424
9.4872 2.3077 0.4073
9.4872 2.5641 0.4769
9.4872 2.8205 0.5496
9.4872 3.0769 0.6236
9.4872 3.3333 0.6964
9.4872 3.5897 0.7656
9.4872 3.8462 0.8284
9.4872 4.1026 0.8824
9.4872 4.3590 0.9252
9.4872 4.6154 0.9548
9.4872 4.8718 0.9700
9.4872 5.1282 0.9700
9.4872 5.3846 0.9548
9.4872 5.6410 0.9252
9.4872 5.8974 0.8824
9.4872 6.1538 0.8284
9.4872 6.4103 0.7656
9.4872 6.6667 0.6964
9.4872 6.9231 0.6236
9.4872 7.1795 0.5496
9.4872 7.4359 0.4769
9.4872 7.6923 0.4073
9.4872 7.9487 0.3424
9.4872 8.2051 0.2833
9.4872 8.4615 0.2308
9.4872 8.7179 0.1850
9.4872 8.9744 0.1460
9.4872 9.2308 0.1134
9.4872 9.4872 0.0868
9.4872 9.7436 0.0653
9.4872 10.0000 0.0484
9.7436 0.0000 0.0466
9.7436 0.2564 0.0629
9.7436 0.5128 0.0835
9.7436 0.7692 0.1092
9.7436 1.0256 0.1406
9.7436 1.2821 0.1782
9.7436 1.5385 0.2222
9.7436 1.7949 0.2728
9.7436 2.0513 0.3296
9.7436 2.3077 0.3921
9.7436 2.5641 0.4591
9.7436 2.8205 0.5292
9.7436 3.0769 0.6004
9.7436 3.3333 0.6705
9.7436 3.5897 0.7371
9.7436 3.8462 0.7976
9.7436 4.1026 0.8496
9.7436 4.3590 0.8908
9.7436 4.6154 0.9193
9.7436 4.8718 0.9340
9.7436 5.1282 0.9340
9.7436 5.3846 0.9193
9.7436 5.6410 0.8908
9.7436 5.8974 0.8496
9.7436 6.1538 0.7976
9.7436 6.4103 0.7371
9.7436 6.6667 0.6705
9.7436 6.9231 0.6004
9.7436 7.1795 0.5292
9.7436 7.4359 0.4591
9.7436 7.6923 0.3921
9.7436 7.9487 0.3296
9.7436 8.2051 0.2728
9.7436 8.4615 0.2222
9.7436 8.7179 0.1782
9.7436 8.9744 0.1406
9.7436 9.2308 0.1092
9.7436 9.4872 0.0835
9.7436 9.7436 0.0629
9.7436 10.0000 0.0466
10.0000 0.0000 0.0442
10.0000 0.2564 0.0596
10.0000 0.5128 0.0792
10.0000 0.7692 0.1035
10.0000 1.0256 0.1333
10.0000 1.2821 0.1688
10.0000 1.5385 0.2106
10.0000 1.7949 0.2585
10.0000 2.0513 0.3124
10.0000 2.3077 0.3716
10.0000 2.5641 0.4352
10.0000 2.8205 0.5016
10.0000 3.0769 0.5690
10.0000 3.3333 0.6355
10.0000 3.5897 0.6986
10.0000 3.8462 0.7560
10.0000 4.1026 0.8052
10.0000 4.3590 0.8442
10.0000 4.6154 0.8713
10.0000 4.8718 0.8852
10.0000 5.1282 0.8852
10.0000 5.3846 0.8713
10.0000 5.6410 0.8442
10.0000 5.8974 0.8052
10.0000 6.1538 0.7560
10.0000 6.4103 0.6986
10.0000 6.6667 0.6355
10.0000 6.9231 0.5690
10.0000 7.1795 0.5016
10.0000 7.4359 0.4352
10.0000 7.6923 0.3716
10.0000 7.9487 0.3124
10.0000 8.2051 0.2585
10.0000 8.4615 0.2106
10.0000 8.7179 0.1688
10.0000 8.9744 0.1333
10.0000 9.2308 0.1035
10.0000 9.4872 0.0792
10.0000 9.7436 0.0596
10.0000 10.0000 0.0442
