  0.67037980  0.57487081  0.02057215
 -0.05892169 -0.96973829 -0.03210369
 -0.58703324 -0.40589717  0.01436220
  0.33684238  0.53915559  0.31319935
 -0.17608234 -0.57915746 -0.28041084
 -0.88629444 -0.33872787 -0.00320214
  0.73076543  0.22507019  0.05329157
  0.45897660 -0.47038318 -0.06145742
 -0.74401314  0.93405620  0.00042966
 -0.22173439 -0.53428977 -0.15928666
  0.98140517 -0.19664374  0.00318295
  0.99912346  0.74890392  0.00006731
  0.29091622  0.16090014  0.19045171
 -0.75066475  0.85308903  0.00087683
 -0.37658595  0.86789715  0.03754954
 -0.11780939  0.36453123  0.42398535
  0.46575265  0.71667720  0.06749901
 -0.55202891  0.84934998  0.01003423
  0.95153876 -0.60023737  0.00019954
 -0.63550748  0.73178574  0.00934932
  0.55522726  0.15120868  0.21971062
  0.70555554  0.52063901  0.01814069
 -0.80526632 -0.83607420  0.00043200
 -0.13804658  0.61132838  0.60467154
 -0.55060939  0.28444716 -0.12351594
 -0.38679578  0.11331749 -0.27572981
  0.77010150 -0.23234714  0.03687666
  0.55254617  0.85929259  0.00983348
 -0.29725374  0.09612690 -0.15784060
  0.12896507 -0.49693379 -0.61290773
 -0.01632431  0.00627293  0.11279424
  0.21344899 -0.35945933 -0.24971883
 -0.10581684  0.09752457  0.09727697
  0.08395550 -0.49830917 -0.63071567
  0.69112416 -0.02557056  0.11676408
  0.61095906 -0.24066431  0.12214067
 -0.63396681  0.04206527 -0.16724973
 -0.64911548 -0.85170516  0.00139551
  0.95353535 -0.51278270  0.00058978
 -0.50110384  0.66103080  0.05589361
  0.70355474 -0.92907717 -0.00060604
 -0.10392378 -0.81256314 -0.14578716
  0.98634989  0.21909051  0.00261318
 -0.05192808 -0.63205177 -0.48120381
 -0.75201842  0.08022927 -0.06641026
  0.78444040 -0.00661088  0.05022618
 -0.26819651 -0.23036964  0.27688551
  0.97677192 -0.87932248 -0.00000403
 -0.07265432 -0.54935205 -0.48698912
  0.32956884  0.69197106  0.19884118
  0.12797276  0.52048293  0.69764935
  0.36707878  0.14870905  0.27589307
 -0.41512435 -0.59185069 -0.00077061
 -0.41892210 -0.15409424 -0.08143804
 -0.71916143  0.00439168 -0.08997844
  0.08610210 -0.35505188 -0.27126551
  0.84618238 -0.52090068  0.00172572
 -0.39269478  0.55829488  0.17620398
 -0.75580794  0.12723354 -0.05962428
  0.77633125  0.72029618  0.00245091
 -0.62295763  0.38267939 -0.03731631
 -0.71230002  0.16140878 -0.08035441
  0.00720615 -0.77911299 -0.24772851
 -0.05121028  0.29119769  0.24806478
 -0.37920965 -0.36993598  0.12748436
 -0.71004548  0.61767694  0.00406259
 -0.25323484  0.19868212 -0.06438355
 -0.71739257  0.57847590  0.00255330
  0.29966727  0.50599355  0.38283251
  0.63801318  0.56690975  0.02965468
  0.12953511  0.71846502  0.38389337
  0.09956934  0.74832995  0.33743275
  0.49613705  0.61527785  0.08832000
 -0.05212012  0.99142506  0.03268915
 -0.90327604 -0.34125971 -0.00260413
  0.40427347  0.63991805  0.15913439
  0.15856486  0.96676881  0.03637249
  0.64227983 -0.18159672  0.12703341
  0.51947317  0.00621092  0.30894417
 -0.09856707 -0.59599825 -0.43618284
 -0.94058566 -0.35824615 -0.00142333
 -0.56180982  0.84910287  0.00909455
  0.56874369 -0.24063329  0.15065492
 -0.50223814 -0.37785214  0.04151534
  0.79875403  0.71179476  0.00193630
 -0.19257601  0.21532834  0.03385197
 -0.04430642  0.69774035  0.49387982
  0.56649739 -0.23908691  0.15326801
 -0.34314309  0.62596024  0.22811905
 -0.22581365  0.57830896  0.48300283
  0.10953004  0.08522621 -0.00476605
  0.06107060 -0.21121563  0.07787874
  0.60500982 -0.59497246 -0.01517745
 -0.84735507  0.44500389 -0.00356322
 -0.82949576  0.31275298 -0.01335932
 -0.20296316 -0.43890762 -0.01538948
  0.06164379  0.79433683  0.25369645
  0.46725086  0.76577895  0.04754920
  0.32268802 -0.17610942  0.19883713
 -0.36909143 -0.21418099  0.08033525
  0.65289187 -0.20799637  0.10786651
 -0.08802141  0.27155441  0.19547549
  0.33938874 -0.58295064 -0.25825730
 -0.50137984  0.36034889 -0.05805246
  0.32380588  0.19710876  0.21755735
 -0.26689925  0.09641168 -0.10237517
 -0.38989586 -0.43259934  0.08451989
  0.60387378  0.77982065  0.01192897
  0.32913757  0.21634494  0.21750367
 -0.93214028 -0.68857927  0.00020740
  0.39617496  0.84088760  0.04346295
  0.06965713  0.78440608  0.27173119
 -0.86881040 -0.13700101 -0.01532245
 -0.36969175  0.07449182 -0.26151371
  0.41476807 -0.30736589  0.09554480
 -0.99080632 -0.75100736  0.00006298
 -0.06105142 -0.23530320  0.27699185
 -0.64655815  0.64856736  0.01075417
  0.64642933 -0.68899442 -0.00802990
  0.34159175 -0.81446616 -0.07703073
 -0.95695212  0.53673315 -0.00031565
  0.91435768 -0.12108349  0.00982838
 -0.30497389 -0.80599142 -0.04045960
  0.24207764 -0.23806408  0.02962520
 -0.87210931 -0.00018156 -0.01941557
  0.56802618 -0.32230679  0.08909759
 -0.46436232 -0.97219295  0.00006197
 -0.78499580  0.30276043 -0.02246176
  0.97060843 -0.26196969  0.00288569
  0.94947249 -0.72401835  0.00000867
  0.51787534  0.51534891  0.10060258
 -0.09360211 -0.41359896 -0.15126389
  0.22126376 -0.38417643 -0.29874654
  0.25007739 -0.75080080 -0.20358168
  0.98765868 -0.26468563  0.00222709
  0.19094976  0.92993634  0.05074647
 -0.87551673  0.13834263 -0.01638739
  0.93593585  0.43616444  0.00172981
  0.39825533  0.91852982  0.01938218
  0.40339913 -0.69739466 -0.11102464
 -0.11127203  0.17224532  0.07695312
 -0.44542879 -0.72758911 -0.00635260
  0.40447539 -0.75889388 -0.07610254
 -0.44683384  0.98150215  0.00623308
 -0.77658444 -0.31748206 -0.01070498
  0.33243905  0.32119090  0.23698404
  0.77108892 -0.47728438  0.00563602
  0.54613780  0.74314162  0.02802350
 -0.09215991  0.64879328  0.58602731
 -0.60233067  0.63598456  0.01935227
 -0.99418672  0.35696650 -0.00126613
  0.65173242  0.42535097  0.04495057
 -0.22165668 -0.97659420 -0.01308667
 -0.58581046 -0.70366175  0.00517914
  0.21231464  0.83537500  0.12351649
  0.30613742 -0.48103513 -0.30324548
  0.75839347  0.34370593  0.02440237
 -0.18627367  0.19037359  0.02434515
 -0.37047264  0.09864953 -0.26353758
  0.89826289 -0.12947394  0.01189551
  0.15496692  0.29252772  0.19716467
 -0.21027337  0.73658254  0.26722708
  0.44905877 -0.97621536 -0.00640066
 -0.07361524  0.22335118  0.11699590
 -0.75913412 -0.96381631  0.00022273
 -0.83101644  0.15977063 -0.02581074
  0.62271804  0.74496116  0.01278896
  0.68486216  0.14022150  0.10242189
  0.85976648 -0.03393617  0.02168673
  0.74204443  0.40714491  0.02110320
 -0.97095145 -0.47744817 -0.00012409
  0.92601977 -0.68995752  0.00002942
  0.75221807 -0.25823309  0.03903937
 -0.45282299  0.35648319 -0.04779327
  0.79141885 -0.97657773 -0.00008663
 -0.10090948 -0.64979063 -0.38572072
 -0.42458723 -0.27917679  0.06516914
  0.51909520 -0.05452994  0.30249262
 -0.08156261 -0.47058453 -0.34848869
 -0.66486153  0.60155738  0.00790699
  0.58528336 -0.53848193 -0.01464388
 -0.14960621  0.87540020  0.10321787
  0.43113775 -0.81411046 -0.04034918
  0.86642575 -0.24329628  0.01232823
 -0.62321146  0.16017282 -0.15179303
  0.25197312 -0.13853244  0.13339853
  0.53961269 -0.76891851 -0.02031583
  0.89007807 -0.82680213 -0.00005358
 -0.65043304 -0.21910600 -0.06039390
  0.31615066  0.12340063  0.23717661
 -0.16155407 -0.83870337 -0.08954720
  0.43448937  0.78716771  0.05218356
  0.54310830  0.17511308  0.21634184
 -0.54087373  0.26655807 -0.14340107
 -0.83878518 -0.49550748  0.00041188
  0.27120607 -0.46821879 -0.36081866
  0.92235622  0.42737058  0.00220446
 -0.29238273 -0.44016475  0.07045794
 -0.97847198  0.57554852 -0.00012540
  0.96177595 -0.84972468 -0.00000729
 -0.06558247 -0.92314323 -0.05508920
  0.00777211  0.39611698  0.57541220
  0.57934454  0.45500462  0.07297974
  0.30736739  0.95298922  0.02308572
 -0.49709952 -0.08782081 -0.21209306
 -0.85639391  0.84001040  0.00019723
  0.99299939 -0.20856162  0.00257826
 -0.95100415  0.74521223  0.00005815
 -0.36747942  0.71442794  0.13202371
  0.70262286  0.37836998  0.03514972
  0.80990871  0.74631428  0.00127324
  0.68032993  0.60381707  0.01609681
  0.11327840  0.50487676  0.71331286
  0.83095411 -0.19077447  0.02264100
 -0.81970780  0.87220092  0.00026794
  0.16926751 -0.53270128 -0.58566694
 -0.31194560  0.01780597 -0.14140398
  0.55658538 -0.70058222 -0.02478410
  0.08728879 -0.23047190  0.02315479
 -0.67747970  0.84097440  0.00258564
 -0.67853843 -0.20780733 -0.05702888
 -0.70203934  0.45694784 -0.00875422
  0.97706871 -0.96614620 -0.00000185
  0.80716283 -0.31429421  0.01686179
  0.72192210  0.91960311  0.00077048
  0.11993393 -0.73349745 -0.33229687
  0.14960670 -0.02915396  0.02886780
 -0.95613362 -0.07248734 -0.00618618
  0.05609875  0.02905549  0.02554880
  0.79711739 -0.69653667 -0.00052914
  0.70296908 -0.60091979 -0.00231049
 -0.29335732 -0.91476137 -0.01528615
 -0.69946876 -0.53928824  0.00555346
  0.61476481 -0.04294266  0.19685447
  0.00006869  0.41055761  0.62115343
 -0.76877527  0.07327692 -0.05722358
  0.04078118  0.91404641  0.08284289
 -0.64119682  0.06905459 -0.15827533
  0.67701606  0.34126967  0.05162477
  0.07610124 -0.62268867 -0.58022106
 -0.73649625 -0.76016085  0.00149364
  0.27535686 -0.66883738 -0.28808117
  0.29556892 -0.85818254 -0.06768215
  0.89444624 -0.17740100  0.01104733
  0.24502685 -0.64267988 -0.36844631
  0.20135265  0.16320621  0.07133042
 -0.93853789  0.96006788  0.00001558
  0.16549308  0.25510595  0.12493270
 -0.45886109 -0.35320995  0.06494018
 -0.04850394  0.53901591  0.79324611
  0.69300073  0.85516648  0.00220069
  0.49597590  0.71142875  0.05431380
  0.02919522  0.31889285  0.31303736
 -0.57799140 -0.52889010  0.01750819
  0.27535048  0.19115946  0.16703985
  0.80930314  0.83347734  0.00059184
 -0.08407329 -0.06576239  0.24419749
 -0.65773173 -0.64894004  0.00552520
  0.66158668 -0.71501369 -0.00589740
  0.64138291  0.35444401  0.06457044
 -0.42558840  0.52670124  0.12730199
  0.32210030 -0.87528469 -0.04940567
  0.89562406  0.93748760  0.00005237
 -0.52227273 -0.47029007  0.03302983
  0.24807364 -0.52892167 -0.44610105
  0.53737016 -0.71703193 -0.02846547
  0.96275339 -0.04503653  0.00562283
 -0.11315537 -0.51218523 -0.35992642
  0.52354890  0.38845972  0.12464391
  0.02321604 -0.15922340  0.15779152
 -0.86622453  0.84211384  0.00016516
 -0.37430130  0.99152187  0.00942785
  0.26355933 -0.35262335 -0.16622202
 -0.67838985  0.61416781  0.00667445
  0.76431716  0.18003242  0.04553454
 -0.62086441 -0.52429323  0.01256838
  0.08235788  0.78096961  0.27420337
  0.21692345 -0.65696812 -0.38906889
 -0.11229167  0.66347191  0.53086839
  0.67028200  0.37134575  0.04793672
  0.71547805  0.25167542  0.05495089
 -0.26707451 -0.43195223  0.06988458
  0.80583435  0.44711346  0.00862564
 -0.58910150 -0.59425782  0.01152853
 -0.71425848 -0.19770158 -0.04852551
 -0.83505960  0.43304029 -0.00461258
  0.28851672  0.50854899  0.40292508
 -0.60838101 -0.47106827  0.01479804
 -0.87155467  0.08172293 -0.01896806
  0.06296208 -0.42062121 -0.45802856
  0.03432940  0.66066390  0.59493938
  0.71108026  0.85947225  0.00168705
  0.71823575 -0.20424341  0.06608137
 -0.68657437  0.88592489  0.00151905
  0.93358460 -0.46138245  0.00127137
  0.90710710  0.91046387  0.00006003
  0.50598934  0.56327608  0.09748096
  0.14554774 -0.96884750 -0.03466778
 -0.13010492  0.26260673  0.15669769
  0.64831464 -0.59874876 -0.00736455
 -0.17619784  0.92028799  0.05933606
 -0.86876772 -0.17515379 -0.01308090
  0.55939653  0.10137228  0.24109653
  0.36860068  0.09998615  0.30479913
  0.71850937 -0.36228635  0.02757582
 -0.57661905 -0.19780157 -0.09169314
  0.62856799  0.27866607  0.09586098
 -0.24968488 -0.31818533  0.26614443
 -0.54975719  0.47201784  0.01109435
 -0.96166789 -0.77778613  0.00008455
 -0.48232873  0.22233411 -0.20972503
 -0.87149139 -0.86578616  0.00015431
 -0.12346676  0.99332314  0.02849983
 -0.10774885 -0.62181256 -0.40301511
 -0.77663818 -0.45275355  0.00028610
 -0.98777483 -0.49564094 -0.00005679
 -0.81445396  0.56648093 -0.00021393
  0.91316784  0.38066894  0.00328445
 -0.77937856  0.78573549  0.00096525
  0.92451219 -0.20709314  0.00678917
  0.70707409  0.12406463  0.08895335
 -0.76583161  0.07597026 -0.05868649
  0.67564674  0.09817649  0.12036972
 -0.11090592  0.85077387  0.14370902
  0.97588273 -0.09577961  0.00440293
 -0.16222274  0.19013042  0.05012129
 -0.32109919 -0.12448887  0.03615386
 -0.85812220 -0.64067338  0.00069059
  0.94263510  0.10659935  0.00675748
 -0.07334641 -0.22792294  0.30427805
  0.21623077 -0.05306492  0.10145880
  0.39233361  0.35564177  0.22261156
  0.33505171  0.47465779  0.31957230
 -0.63055771 -0.40417643  0.00564642
 -0.36522824  0.70621378  0.14032679
  0.72743428 -0.13858765  0.07402764
  0.95103638  0.53308434  0.00074855
 -0.29984563 -0.31434088  0.23011417
  0.04345174  0.41050069  0.60549582
  0.54427912  0.94039852  0.00443948
 -0.99654219  0.65781174 -0.00000268
  0.45517973  0.82054862  0.03352658
 -0.04671465  0.29045649  0.24620614
 -0.25577905 -0.15394881  0.22058007
  0.62751307 -0.71874937 -0.00937330
 -0.51319063  0.93042056  0.00640637
 -0.41956735 -0.64207081 -0.00947350
 -0.96446310  0.51354986 -0.00040689
 -0.47834442 -0.02500526 -0.26939683
  0.91553177  0.07091763  0.01031696
 -0.78233277  0.38810064 -0.01205504
 -0.36126678 -0.24787013  0.12967030
 -0.55719893 -0.21032153 -0.08220301
  0.79714695  0.84732449  0.00061205
  0.15273684 -0.87291680 -0.09974962
 -0.54320622  0.19184335 -0.20260550
  0.44195722  0.82890679  0.03454792
 -0.07699653 -0.66838529 -0.39418018
 -0.31023446  0.62300910  0.28278674
 -0.71448419  0.50097681 -0.00273416
  0.54797984 -0.12217546  0.24628384
 -0.81343537 -0.22339279 -0.01787592
 -0.92886937  0.86879391  0.00004566
  0.50080208  0.17000571  0.25289064
  0.28274677 -0.63001253 -0.32244274
 -0.61632366  0.03158711 -0.18520129
  0.15065200  0.36208674  0.37906987
 -0.31969560 -0.36491636  0.17272021
  0.84795832 -0.27989830  0.01295429
 -0.48863781  0.41955611  0.00301833
  0.24256120 -0.42806893 -0.35644041
  0.47683841  0.43612482  0.15105756
 -0.90080893 -0.13003875 -0.01077607
  0.71440648  0.42662719  0.02529222
 -0.61032625  0.97997235  0.00131681
  0.25642822  0.73599536  0.22292523
 -0.70241359  0.38997869 -0.02241096
  0.17819811 -0.69161025 -0.37431202
  0.07155546 -0.61256553 -0.59716717
  0.48155777 -0.41793284 -0.00270418
  0.91642083  0.62520540  0.00067233
 -0.55317092 -0.59235577  0.01350343
  0.87869954 -0.89822508 -0.00004014
  0.62740255 -0.97643716 -0.00097367
 -0.82854347  0.43268166 -0.00493967
  0.96555836  0.16103492  0.00429586
 -0.89813878  0.30279175 -0.00642237
 -0.33759216 -0.60750929 -0.05072525
 -0.78479328  0.06917216 -0.04918961
 -0.98885451 -0.86339511  0.00002976
 -0.44559317  0.96871783  0.00737470
 -0.22253687  0.18075464 -0.02863394
  0.17324096 -0.33135009 -0.21385854
  0.28244173 -0.68897118 -0.25264577
  0.32210814  0.43761558  0.32313170
 -0.47415264 -0.09118622 -0.20693154
  0.66709234  0.04035270  0.13830149
  0.67487659  0.38903128  0.04278327
 -0.60589583 -0.90715965  0.00105131
  0.66774577 -0.81063824 -0.00307815
 -0.04857519 -0.67276247 -0.42110671
 -0.35192688 -0.80368051 -0.02411297
  0.97999949  0.78786222  0.00006513
 -0.25204522 -0.94124946 -0.01620674
 -0.34038051 -0.20333183  0.11845484
  0.74189969  0.01328167  0.07562499
 -0.36127910  0.41381509  0.12072962
 -0.11193163  0.99330211  0.02921375
 -0.56495375 -0.28143123 -0.02730338
  0.88757634  0.22879759  0.00966367
  0.32749624 -0.05402845  0.27828610
 -0.11912147 -0.14099023  0.33930230
 -0.78749855  0.07896650 -0.04743587
  0.74406533  0.63256768  0.00660227
 -0.07449363  0.03019355  0.14359984
 -0.08708566 -0.61112365 -0.44816244
  0.72129703 -0.96511908 -0.00030665
 -0.31588280 -0.47160272  0.03740378
 -0.70562156  0.90095613  0.00102182
 -0.36254947  0.68366726  0.16030299
  0.31702013 -0.33072757 -0.04406741
 -0.92674774  0.01175892 -0.00994460
  0.21852172  0.33072883  0.27002364
 -0.82556135 -0.65727325  0.00100372
  0.98941235  0.14408750  0.00318682
  0.96558057 -0.52868868  0.00042469
  0.19629629  0.84515997  0.11970270
 -0.76596473 -0.21132382 -0.02971962
  0.58327228  0.81183819  0.01126555
 -0.64576584 -0.77025176  0.00263558
 -0.93830696 -0.36252234 -0.00139111
  0.71901450 -0.33078031  0.03460927
 -0.04853168  0.88810770  0.10861036
 -0.93269514  0.26354466 -0.00511422
  0.62589380  0.01783763  0.18549563
  0.94167277  0.73643389  0.00019367
 -0.52240786 -0.31155141  0.00662846
 -0.90703626  0.13549305 -0.01121872
  0.16955865 -0.93389573 -0.04978574
  0.67367750  0.31751724  0.05876912
  0.84518315  0.87444771  0.00023194
 -0.95629957 -0.82230260  0.00006744
 -0.62669975  0.80676559  0.00635545
  0.71991121  0.11235628  0.08178278
 -0.51404938  0.76185119  0.02934228
  0.29079609 -0.39203929 -0.20432577
 -0.06237590 -0.33111624  0.06476218
 -0.27446141  0.51587892  0.39047467
 -0.92949330  0.79860524  0.00007368
 -0.60218450  0.95327360  0.00198883
 -0.84622281 -0.56390284  0.00082219
 -0.71890102 -0.22111259 -0.03997332
  0.42414185 -0.93470684 -0.01290326
  0.29952632 -0.01780797  0.24240495
  0.93702191  0.86735700  0.00005980
 -0.40641215 -0.60294528 -0.00708397
 -0.56156387  0.96091017  0.00279750
 -0.95170494 -0.21170937 -0.00397974
 -0.50626292 -0.88054073  0.00054321
 -0.44255273 -0.82294126 -0.00409439
 -0.93592215  0.85587877  0.00004476
 -0.72410522  0.48489108 -0.00450324
  0.34361444  0.85180034  0.05537909
 -0.58135610  0.05746625 -0.22103861
 -0.59424426 -0.86357100  0.00150107
  0.63642870 -0.09774826  0.16148622
  0.62511136 -0.11833377  0.16716989
 -0.33478382  0.90812480  0.03252423
  0.94241525 -0.15808182  0.00619240
  0.98734635 -0.23709888  0.00251701
  0.73210536 -0.68643355 -0.00198642
 -0.30058734 -0.17257559  0.15588380
  0.43616436  0.12679350  0.31086465
 -0.29983804 -0.41781831  0.10812751
 -0.03088978  0.72205405  0.43345718
  0.78044498  0.06719529  0.04994668
  0.92502104  0.81294355  0.00012652
 -0.25203492 -0.67954410 -0.13689067
  0.91443386  0.19064479  0.00787599
 -0.28911253 -0.77101014 -0.06144297
  0.91367886 -0.98645940 -0.00000708
  0.29674130 -0.61754115 -0.31079890
  0.46035820 -0.17217320  0.26896497
 -0.44299447 -0.68074396 -0.00585049
 -0.25887108 -0.84013030 -0.04597580
 -0.70663986  0.64427665  0.00454331
 -0.06700787  0.82947332  0.18744890
 -0.64941784  0.56428360  0.00809288
 -0.90124642 -0.48363839 -0.00006718
  0.44376614 -0.41336758 -0.02540049
 -0.18207985 -0.42647730 -0.01577101
 -0.71709471  0.89927835  0.00089396
 -0.15747310  0.80085066  0.19923206
  0.55791815  0.84393927  0.01082533
  0.12061210  0.55759465  0.69842384
 -0.88850923  0.48491856 -0.00141863
 -0.41686970 -0.95021417 -0.00141158
 -0.95819910 -0.44048937 -0.00034950
  0.06425519  0.50264370  0.76952914
 -0.69263500  0.91324743  0.00106271
 -0.63954571 -0.20251618 -0.07249192
  0.08328915 -0.68817221 -0.44598122
  0.85319288 -0.61178852  0.00029385
 -0.00018358 -0.63629477 -0.53166827
 -0.19786807  0.35671830  0.29208477
 -0.87426807  0.99177275  0.00003140
 -0.40414317  0.35262055 -0.02165927
  0.71147880 -0.62403606 -0.00242944
  0.71774662  0.39890609  0.02782090
 -0.98094958  0.98600174  0.00000542
 -0.45889814  0.64521243  0.08743524
  0.39849203  0.61790589  0.18004743
 -0.44266817 -0.83014015 -0.00380638
 -0.95518039 -0.59713901  0.00015509
 -0.34663213 -0.13476831  0.00155966
  0.19118979 -0.86805952 -0.09471784
  0.67229418 -0.20677714  0.09438877
  0.55564278 -0.90387474 -0.00522151
 -0.87930249 -0.75510427  0.00031264
 -0.60552871 -0.36116579  0.00064503
  0.45140059  0.10418657  0.32204041
 -0.12935117 -0.37321378  0.05622183
 -0.95104707  0.83819692  0.00003881
 -0.60954523  0.32733397 -0.06980593
 -0.70365458 -0.55370205  0.00525063
 -0.59405710  0.55506749  0.01851206
 -0.28710305  0.30979916  0.04369942
 -0.90626477 -0.91180544  0.00006493
 -0.92365219  0.17454573 -0.00818354
  0.33116468  0.93913878  0.02372138
 -0.59919523 -0.33294174 -0.00761027
  0.10288948  0.37251958  0.44585301
  0.73799030 -0.75197305 -0.00152129
 -0.71237179 -0.83500666  0.00105527
  0.09154051 -0.58454068 -0.62902667
 -0.53531720  0.12641698 -0.24737922
  0.55163418 -0.75271063 -0.01979777
 -0.56453414  0.66674305  0.02821831
 -0.31821478 -0.45851678  0.05554277
  0.78176557  0.79166119  0.00127643
  0.73151831  0.05466539  0.08075709
 -0.07673038  0.09416519  0.09731659
  0.61160534 -0.44679900  0.01491266
 -0.73659807  0.51537488 -0.00172034
 -0.76601684  0.53884951 -0.00067303
  0.82839601  0.94931205  0.00012620
  0.12407893 -0.45969189 -0.56291626
  0.23566726 -0.06782578  0.12973046
 -0.73644616 -0.16538058 -0.04937975
  0.38766514  0.78569057  0.07405072
 -0.92175625  0.98557194  0.00001543
  0.93265437  0.40552685  0.00217895
  0.31694628  0.17612445  0.21712542
  0.97454155  0.64851077  0.00023035
 -0.43019530 -0.43389911  0.07058028
  0.73003453 -0.00540722  0.08444422
 -0.20717250  0.18741412 -0.00388445
  0.28221433 -0.08273912  0.20138265
 -0.08702623  0.82435405  0.19075778
  0.10460674  0.12951555 -0.00440961
 -0.41298145 -0.71014838 -0.01491739
 -0.35794231  0.21913053 -0.17994899
  0.43840735  0.78793029  0.05033300
 -0.38624668  0.81809708  0.05538808
  0.10430890 -0.76011636 -0.28369225
 -0.90849880 -0.91499746  0.00006114
 -0.92393687 -0.44587525 -0.00041302
  0.90211516  0.01871863  0.01286088
  0.64297759  0.58053186  0.02661070
  0.29313428 -0.68589586 -0.24270114
 -0.18316963  0.41054113  0.44829784
 -0.10679078 -0.49671032 -0.34780413
 -0.91071015  0.91722030  0.00003983
  0.45659718  0.60571245  0.12463527
 -0.05690110  0.58553735  0.74311144
 -0.80802312 -0.16607354 -0.02593621
 -0.83181149  0.54096391 -0.00078478
 -0.48237224  0.24948331 -0.18148279
 -0.70976955 -0.49676987  0.00447810
  0.15256218 -0.98312731 -0.02858619
 -0.90768760  0.84833742  0.00007807
  0.41548529 -0.17574006  0.26661982
  0.60535505  0.59675462  0.03599681
  0.70627824  0.49812989  0.01991302
  0.72770143 -0.34536338  0.02910720
 -0.20336858 -0.51083931 -0.16238198
 -0.05431680  0.59423686  0.73119546
 -0.73501391  0.58124123  0.00179912
  0.76317222 -0.82080199 -0.00066119
 -0.85067041 -0.09204120 -0.02161097
  0.02790005  0.74206807  0.38214069
 -0.43098478  0.48895382  0.10394156
  0.93809250  0.71354688  0.00024787
  0.39995122 -0.54438846 -0.16486530
 -0.91017362 -0.32975840 -0.00272387
  0.81695792  0.42796349  0.00840060
  0.93790074 -0.96381131 -0.00000533
 -0.33907030  0.01622592 -0.18980609
 -0.02104027  0.13832871  0.05463357
  0.91361218  0.88036467  0.00007586
 -0.97397615  0.09045647 -0.00502528
 -0.61772605 -0.02785163 -0.17392546
 -0.95817291  0.33806395 -0.00237302
 -0.90781787 -0.63884567  0.00034087
 -0.29222438  0.75418899  0.16286393
 -0.51512656  0.79469787  0.02290296
  0.75825028  0.41095956  0.01754998
 -0.69295128  0.97917602  0.00049719
 -0.85286016 -0.53507975  0.00062252
  0.97846793  0.20975835  0.00303718
 -0.41438455 -0.81008889 -0.00865352
 -0.97718781  0.18514563 -0.00385089
 -0.87609972  0.95537937  0.00004693
  0.41662279 -0.42055368 -0.06015430
  0.01141063  0.58458447  0.76418427
  0.70854340 -0.44620194  0.01256922
  0.78104143  0.03792754  0.05114315
  0.50328955  0.09852106  0.29604562
 -0.77641769  0.80966230  0.00085762
 -0.85805874  0.45276198 -0.00291825
  0.56812017  0.47739207  0.07490521
  0.42368321  0.99772758  0.00618538
  0.40162818  0.47662227  0.22685182
 -0.79046392  0.30554895 -0.02092224
  0.84177622  0.37754440  0.00824211
 -0.66403426  0.58906569  0.00757132
  0.54069701 -0.30138832  0.11441400
 -0.27627386 -0.21965283  0.25639100
  0.65169818  0.17960378  0.11718701
 -0.70918877 -0.83581381  0.00107507
 -0.78404252  0.92428878  0.00027180
 -0.35250472  0.10993663 -0.24252396
  0.73984112 -0.14820792  0.06471345
  0.17712379  0.35675102  0.34694431
 -0.93092179 -0.81020898  0.00010669
  0.52446459  0.30172828  0.15545497
 -0.67612533  0.90751105  0.00139034
 -0.30912888  0.94118806  0.02608467
 -0.88300450 -0.66781029  0.00045336
 -0.95022253  0.37089574 -0.00209018
  0.03637377  0.61723343  0.69664640
  0.97065254  0.54975111  0.00049697
  0.46055186 -0.90824016 -0.01274379
  0.93152056  0.18413110  0.00641120
  0.95032141 -0.61506268  0.00016039
  0.85977509  0.07476759  0.02063770
  0.78949432  0.52500977  0.00689967
 -0.79804294 -0.19955962 -0.02396939
 -0.82987103 -0.73294689  0.00066404
 -0.90070657  0.13722419 -0.01209393
 -0.69432907 -0.89111508  0.00076295
 -0.19904750 -0.05711656  0.17842681
 -0.59159516 -0.63406168  0.00872109
  0.54687761  0.21340892  0.18925312
  0.82188988  0.22059331  0.02169828
 -0.14665487 -0.24070264  0.36535870
  0.88843264  0.99473961  0.00002844
 -0.60335065  0.98234267  0.00138127
  0.89694925 -0.46710174  0.00188574
 -0.78991027 -0.21686958 -0.02324235
  0.33996180 -0.23728555  0.14321425
  0.52021672 -0.12786008  0.26862591
  0.15125791 -0.37242438 -0.33534191
  0.07116595  0.64657328  0.60846354
 -0.73707535  0.31563585 -0.03210522
  0.51634481  0.05308123  0.30359631
 -0.63025335 -0.89537251  0.00106801
 -0.15253183 -0.43382768 -0.08986127
 -0.40022012 -0.10078423 -0.14035182
 -0.42104106  0.39411573  0.02243657
  0.91469162  0.44779106  0.00216476
 -0.73818821 -0.05341897 -0.07136371
  0.16644309  0.08701339  0.02747416
 -0.85231276  0.18638429 -0.01877754
  0.14555714  0.50604440  0.66435763
 -0.83526931 -0.29542429 -0.00823862
 -0.84360735  0.76403824  0.00039445
 -0.70892722  0.67130622  0.00434112
 -0.37210443 -0.10516209 -0.09276808
  0.36666704  0.73930141  0.11933477
 -0.43092040 -0.54055993  0.02145623
  0.07830055 -0.24021475  0.02082086
 -0.79840142  0.73440482  0.00093489
 -0.15088268 -0.71897299 -0.22783453
 -0.16788453 -0.12842415  0.31447169
 -0.59806316 -0.86405509  0.00149062
  0.95452913  0.48931695  0.00094689
  0.09703041  0.82064334  0.19368002
 -0.64041461 -0.19700167 -0.07528731
 -0.56141344  0.61410159  0.03236560
 -0.27774906 -0.31475715  0.25063807
  0.49243190  0.41270430  0.14217612
  0.18477932 -0.40988437 -0.40525494
 -0.14354354 -0.53384728 -0.31955353
 -0.40569104 -0.19882122  0.00217532
  0.87851657  0.26108572  0.00945030
  0.80880430  0.64390627  0.00270482
 -0.48835291 -0.22852045 -0.04315145
 -0.74931804  0.62147010  0.00208374
  0.91754652 -0.01151669  0.01057187
 -0.96504519  0.77835003  0.00004096
  0.93120837  0.25225302  0.00496311
 -0.08922444  0.07596467  0.11175784
 -0.25343160  0.77333379  0.17244265
  0.91234011  0.70040243  0.00041105
  0.63543503  0.17648644  0.13207597
 -0.55065901 -0.56226844  0.01701327
 -0.36742724  0.47519117  0.18218584
 -0.06826331 -0.47244362 -0.38311911
 -0.28482792 -0.47424807  0.01157384
 -0.48312260 -0.89142193 -0.00004935
  0.28181228  0.77770975  0.14720038
  0.52563349  0.76852856  0.02810522
  0.89276002 -0.40724862  0.00336695
 -0.69265522 -0.82209782  0.00135269
  0.01158682  0.77212962  0.31127498
 -0.93404141  0.18451067 -0.00692752
 -0.15668325  0.81828298  0.17250192
 -0.23580596 -0.98365553 -0.01065489
 -0.07596940  0.38956296  0.53553779
 -0.92382136 -0.85165252  0.00008591
 -0.42895415  0.52652103  0.12319707
 -0.76206466 -0.99056552  0.00016478
  0.88663650  0.64203955  0.00092774
 -0.07743896  0.99394441  0.03072907
 -0.31948599 -0.41591408  0.11248869
 -0.65720591 -0.62098525  0.00644657
  0.25113834  0.31678457  0.24133953
  0.73792330  0.65176581  0.00634132
 -0.93911110 -0.50916825  0.00002012
  0.57605428 -0.20384033  0.17110684
 -0.80085787 -0.29749690 -0.01099848
  0.54929262  0.30877969  0.13561982
 -0.96373226 -0.69617661  0.00012430
  0.44962026 -0.33141703  0.07903451
 -0.19844240  0.46335838  0.51565954
 -0.18982524  0.60096579  0.53093270
 -0.48791623 -0.46184566  0.04343427
 -0.72026919  0.14603951 -0.07823848
  0.18289422 -0.43021322 -0.45227537
 -0.24668711 -0.20402606  0.29401254
  0.48915975 -0.13784539  0.28460373
  0.79057183  0.00056733  0.04714860
  0.81607162 -0.99004235 -0.00004746
 -0.51258019  0.51707759  0.04591835
 -0.17921023 -0.82989748 -0.08799314
 -0.42161710 -0.36036809  0.09527482
 -0.96206149 -0.14418908 -0.00469226
 -0.20244295  0.58398123  0.52584100
 -0.30153556 -0.21067954  0.20182265
 -0.83670267  0.59771978  0.00010361
 -0.04379531 -0.91306926 -0.06522624
  0.40630002  0.85565548  0.03517372
 -0.06725200  0.32522430  0.34115847
  0.77151054 -0.64943002 -0.00071453
  0.59967361  0.10958785  0.19411136
  0.57371418  0.94389105  0.00318091
 -0.75359958 -0.82218600  0.00081572
  0.15837561  0.76165903  0.26848494
 -0.12897293  0.17995319  0.07130459
  0.83270955 -0.66776207 -0.00012541
  0.85026835  0.13205960  0.02070216
  0.18616228  0.43889671  0.51948376
  0.81304606  0.77817652  0.00093388
 -0.72852831 -0.50833325  0.00364405
 -0.26843485 -0.31258023  0.26015654
  0.71029935  0.40846866  0.02857057
  0.33136938  0.04834998  0.28501942
  0.69285569 -0.71565232 -0.00365977
 -0.13509327 -0.73218584 -0.22830861
 -0.78526090 -0.19311132 -0.02800098
 -0.25911946 -0.29605140  0.28177527
  0.47062681 -0.38620431  0.02254478
 -0.37067493 -0.90849976 -0.00637668
 -0.61842768  0.62933134  0.01584657
  0.95943414 -0.22902235  0.00388091
  0.46582764  0.76379905  0.04882017
 -0.97303270  0.45565306 -0.00072610
  0.36904913  0.12887988  0.28906304
  0.23453810  0.76427873  0.20189698
  0.58559372  0.50554398  0.05996245
 -0.88432398  0.99068648  0.00002704
 -0.57093414  0.53451958  0.02267420
  0.96830687 -0.69192704  0.00003153
 -0.69126403 -0.37635360 -0.00432321
 -0.70343235  0.60875561  0.00436490
  0.03474519 -0.28790164 -0.00567662
 -0.45807083  0.18707554 -0.24885606
  0.19044951 -0.63529302 -0.46112904
  0.64092359 -0.43358646  0.01948569
 -0.33491662 -0.78655066 -0.03386688
 -0.49894526 -0.74306019  0.00078616
  0.48115745  0.04905731  0.33309621
 -0.81081337  0.14636963 -0.03318667
  0.29441346  0.88254374  0.05405121
 -0.84511775  0.10789743 -0.02476004
  0.86947223 -0.96443761 -0.00002375
  0.53290418  0.89564270  0.00817287
  0.61903150  0.72453776  0.01538717
 -0.97447532 -0.20230583 -0.00309205
  0.32847377 -0.74172922 -0.14408670
  0.90675343  0.57961245  0.00105515
 -0.17508899 -0.24471775  0.36592447
 -0.36940163 -0.47866651  0.04880938
  0.20288689 -0.80616703 -0.16021921
  0.54696310  0.25419964  0.16493067
  0.70440265  0.79385054  0.00338830
  0.31161901 -0.15162553  0.20692290
 -0.14099535 -0.08020873  0.26920556
 -0.16523099 -0.40829506  0.00828389
  0.61406455 -0.98316642 -0.00105674
  0.70760804 -0.16114722  0.08284306
 -0.59466459  0.06868440 -0.20626574
 -0.64568682  0.25634004 -0.09089835
 -0.38146991  0.79200447  0.07090090
 -0.26421870  0.70599748  0.25381623
  0.11065224  0.36535173  0.41790797
 -0.43601381 -0.16603320 -0.08216807
  0.11968685  0.66847481  0.51052316
 -0.85504703  0.93233359  0.00008487
 -0.61506421  0.92822578  0.00229395
  0.94358422  0.53548968  0.00082303
 -0.10012170  0.78950507  0.24942355
  0.49985843 -0.66797822 -0.05275940
  0.68784806 -0.68058291 -0.00431183
 -0.82445018  0.34733661 -0.01113815
  0.31990880  0.12835924  0.23984303
  0.46153662  0.50486339  0.15345577
 -0.85177825  0.28193456 -0.01250145
 -0.72560335  0.44321382 -0.00985751
 -0.42737987  0.63840420  0.11724491
  0.47360174  0.28735917  0.19349557
  0.83610140  0.47406323  0.00517271
  0.36921041 -0.13855253  0.27791191
  0.52870879 -0.23941512  0.17562089
 -0.62429096 -0.14714622 -0.11167671
  0.44227121  0.95107953  0.00957838
 -0.52362354  0.61949382  0.04917665
  0.26952575 -0.89718073 -0.05200181
  0.71686902  0.27140629  0.05002553
 -0.40767269  0.56774789  0.15551274
  0.33853355 -0.02423000  0.29888059
  0.96542466  0.43490140  0.00114136
 -0.74742290  0.76779781  0.00172204
 -0.01200631  0.99906497  0.03031495
 -0.04082601 -0.24857588  0.22271812
 -0.03385724 -0.75971724 -0.26744183
  0.37701664  0.49516624  0.25886991
 -0.22113066  0.45780524  0.45902905
  0.70619189  0.79288614  0.00334272
 -0.48874653  0.10591103 -0.28754588
  0.32145854  0.38906222  0.28979844
  0.92089618 -0.16857835  0.00804419
  0.52414151 -0.81990482 -0.01621286
  0.16523844 -0.80933640 -0.17385874
  0.40170423  0.68758109  0.12906589
  0.61938595 -0.20635091  0.13451478
 -0.29739041  0.37333881  0.15439292
 -0.54634601 -0.68524545  0.00577206
 -0.45334129 -0.39198351  0.07020229
  0.72325521 -0.60247937 -0.00134135
 -0.94133449 -0.76927497  0.00012074
 -0.54675009  0.85349241  0.01018990
 -0.24429498  0.71980194  0.25735282
 -0.93548669 -0.44131425 -0.00042003
 -0.24648059 -0.29524012  0.29264199
 -0.76423468  0.31829245 -0.02476976
  0.25892798  0.12134134  0.15320845
  0.35029030 -0.42188217 -0.15329627
 -0.72040083 -0.37511066 -0.00506878
 -0.79857436 -0.30057813 -0.01086776
 -0.00532581 -0.34231232 -0.09168009
  0.90274718 -0.94133249 -0.00001547
  0.49901289  0.98174559  0.00408307
  0.35535566  0.89367017  0.03383783
  0.20909376  0.53897147  0.55176506
  0.30655463 -0.43085862 -0.24275879
  0.26046270  0.37419697  0.32365784
 -0.61957207 -0.32081563 -0.01499065
  0.95144346 -0.73355480  0.00000461
  0.60538776  0.61481827  0.03318967
  0.74889363  0.24211997  0.04220367
  0.87254462 -0.54673104  0.00094859
 -0.14470465  0.66145577  0.49642870
 -0.51424698  0.65980918  0.04924691
 -0.44892042 -0.23280261 -0.00639418
 -0.12259806 -0.72065651 -0.25803160
 -0.38265723  0.54481382  0.19029048
 -0.93092972 -0.29576958 -0.00292444
  0.44993675 -0.18298065  0.26070348
  0.65138258 -0.96308917 -0.00084156
  0.52944017  0.51687530  0.09170891
 -0.34827849 -0.29688145  0.17443059
  0.15149495  0.26675054  0.14270342
 -0.96980912  0.68051929  0.00002389
 -0.96363626 -0.65757146  0.00013864
 -0.79115135 -0.03513121 -0.04512880
 -0.27023208 -0.26532851  0.28208996
 -0.02863012 -0.15825886  0.24895035
 -0.34791278 -0.15828547  0.03766571
  0.39437264 -0.71228234 -0.10994696
  0.81506832  0.62255653  0.00285107
 -0.45819368  0.81002395  0.03387172
  0.16822377 -0.60270976 -0.53937210
  0.33655715  0.67627811  0.20709861
 -0.53196119  0.30610952 -0.11027698
 -0.79308634  0.34776258 -0.01526678
 -0.34540571  0.72295394  0.14548464
  0.10842928  0.70628669  0.43091712
  0.79463936 -0.64674159 -0.00033007
 -0.14360097  0.56810678  0.65342046
 -0.38083985  0.99399612  0.00873399
 -0.76994025  0.10853669 -0.05405050
 -0.05692266  0.62429403  0.67113522
  0.21915026 -0.38069277 -0.29350528
 -0.01351893 -0.21641789  0.20775371
 -0.67060584  0.36213160 -0.03648100
  0.74771417  0.99143661  0.00022881
 -0.29598134  0.12132227 -0.15869371
 -0.89911422 -0.10778076 -0.01178935
  0.96477050 -0.57163142  0.00025596
 -0.12704181  0.10518615  0.08588403
 -0.55169679 -0.77859155  0.00250450
  0.33770530  0.39496069  0.27907656
 -0.02999917 -0.31270941  0.05433210
  0.91538120  0.52158425  0.00135563
  0.46002500  0.26667423  0.21059120
 -0.10407916 -0.03738754  0.22118856
 -0.83393207 -0.00544357 -0.02981206
 -0.57001422  0.12324012 -0.21733700
 -0.52362098 -0.22535994 -0.06266452
  0.59481866 -0.99481803 -0.00114907
 -0.24313714 -0.75086915 -0.10445868
  0.89000972  0.47962488  0.00249568
 -0.89278957  0.18162049 -0.01180711
  0.59961374 -0.76148452 -0.01063887
 -0.70452964 -0.46422554  0.00369665
  0.51966691  0.50070209  0.10253530
  0.38566909  0.09902390  0.31687452
  0.10061788 -0.53755798 -0.65003856
  0.11794537 -0.91988170 -0.06459353
  0.06936919 -0.53863000 -0.65451035
 -0.57392621  0.76821370  0.01524427
  0.91028258 -0.28677313  0.00583494
 -0.81398216  0.48784200 -0.00269080
 -0.92175147 -0.27422732 -0.00387270
 -0.60460710 -0.99230851  0.00051066
  0.35817054 -0.84195932 -0.05433186
 -0.32419262 -0.46792755  0.04616495
  0.58567220 -0.55186152 -0.01657868
  0.46102609  0.17510422  0.27047300
  0.62003274 -0.27819717  0.09541364
 -0.71993879  0.37451956 -0.02308146
 -0.06854869  0.06213562  0.11541174
  0.11621101  0.25092318  0.10986687
  0.79082805 -0.81490415 -0.00042690
  0.47855825  0.77564362  0.04017117
 -0.97742777  0.57333236 -0.00013246
 -0.46219573  0.96603800  0.00664359
  0.57072140  0.35561372  0.10360972
  0.81912471 -0.44128157  0.00561793
  0.53388841 -0.83976354 -0.01233310
 -0.35639034  0.07203006 -0.24501387
  0.87092634 -0.03458435  0.01895520
 -0.61793339  0.27990074 -0.09402050
  0.05194565 -0.02270635  0.05222923
 -0.34683688 -0.65572706 -0.04932676
 -0.98864155  0.38537714 -0.00110777
 -0.14480381  0.90034786  0.08075618
  0.69974510 -0.79514332 -0.00216998
  0.17142936  0.66950184  0.44453012
 -0.08583777  0.94079593  0.05818146
  0.72611077  0.86168871  0.00136493
 -0.44450502  0.87827072  0.02035272
 -0.11598552 -0.70009637 -0.29563980
 -0.16201455  0.84159878  0.13799946
 -0.16778122  0.11549022  0.04771864
 -0.71684714  0.55082523  0.00124076
  0.88902077  0.58550600  0.00130907
 -0.04608778  0.13630172  0.06921335
  0.76821077  0.23790044  0.03561559
  0.53946279 -0.76905442 -0.02032990
 -0.62596031 -0.40495447  0.00646974
  0.62567156 -0.19437200  0.13529448
  0.02590293  0.90937948  0.08796228
 -0.99883045 -0.97827330  0.00000859
 -0.61181698  0.07285416 -0.18789052
  0.69571563 -0.99493950 -0.00030717
  0.72793906 -0.65942887 -0.00207410
 -0.86244449  0.66307214  0.00028885
 -0.40289750 -0.51122203  0.03136242
 -0.17550441  0.16300477  0.02916135
  0.83336172  0.62584249  0.00218567
  0.07877032 -0.82568894 -0.17225197
  0.62607413  0.63643663  0.02425279
  0.03394990 -0.52075096 -0.63016415
  0.22052489 -0.46389804 -0.45248096
 -0.54048787 -0.45501927  0.02952190
  0.44686135 -0.55377780 -0.10659621
 -0.22162775 -0.03804626  0.11230796
 -0.12770449 -0.94114146 -0.03563707
  0.90705269  0.83270542  0.00013859
 -0.27113354 -0.17070086  0.21341945
  0.02906718  0.00703900  0.06058548
  0.32732081 -0.49030302 -0.26883572
 -0.03975281  0.04627131  0.10771333
  0.28865548  0.13429817  0.19500181
  0.03392028  0.05287515  0.03439216
 -0.30260143  0.77378159  0.13378413
  0.50189898  0.47468295  0.12231274
 -0.13734880  0.71632271  0.38167706
 -0.91441179  0.05003806 -0.01155158
 -0.08834688  0.68828605  0.49255883
  0.77296684  0.80977644  0.00122090
 -0.06686677  0.48686511  0.75880590
 -0.62206624 -0.70194040  0.00478146
  0.45960930  0.65849814  0.09782312
  0.95724523 -0.46708132  0.00088586
 -0.17510726  0.97880729  0.02980982
 -0.69736675  0.61447972  0.00494454
  0.31955290 -0.60109350 -0.28368019
  0.33041771  0.57638706  0.30558090
  0.18712589  0.42392667  0.49069905
  0.70158472 -0.44706449  0.01288102
  0.25771815  0.03822095  0.16799086
  0.81344959 -0.91164392 -0.00012376
  0.87157623 -0.39768570  0.00467164
 -0.06331232 -0.77339320 -0.22610478
  0.02891866  0.96068838  0.04873173
  0.44476464 -0.89306286 -0.01715156
  0.51075575  0.19537177  0.22840053
  0.48489359 -0.65051715 -0.06518850
  0.90794303 -0.78290488 -0.00003819
 -0.62863462  0.71838019  0.01087382
 -0.33924854 -0.55135228 -0.02402096
 -0.16522020  0.90234644  0.07465788
 -0.57272494 -0.13611503 -0.14481054
 -0.93578568  0.97426238  0.00001387
  0.00012882 -0.15402760  0.19747414
 -0.53370954 -0.87152943  0.00108354
  0.86671405  0.52052056  0.00266514
  0.35390455  0.60923361  0.24527883
 -0.61696318  0.37077798 -0.04405023
 -0.51225896 -0.19507909 -0.09144453
 -0.75373205  0.16574307 -0.05533267
 -0.64831655 -0.24735489 -0.04685781
  0.06971521 -0.01656708  0.03388657
  0.88305209 -0.36352549  0.00522844
 -0.85686736  0.79278047  0.00027138
  0.25852259  0.96969135  0.02414780
  0.28694621  0.86776508  0.06519128
  0.81218425  0.28074542  0.01876288
 -0.07606871 -0.42583908 -0.23116412
  0.79770577 -0.66684789 -0.00042317
 -0.43034584  0.15946265 -0.27164237
  0.98743677 -0.95805522 -0.00000149
 -0.96330096 -0.70021915  0.00012325
 -0.18350523 -0.97346024 -0.01770359
 -0.99681981 -0.37016832 -0.00062779
 -0.52292338 -0.28160920 -0.01315524
  0.50939447  0.81535342  0.02215753
 -0.49474695  0.04506975 -0.29198610
 -0.25862425  0.78976101  0.14845586
  0.73907022 -0.17090879  0.06128124
  0.35462465  0.32371445  0.23276356
  0.47220077 -0.18997258  0.24854087
  0.11455681 -0.24821421 -0.02677722
  0.42045398 -0.28762961  0.12747739
  0.45287517 -0.46890412 -0.06627222
 -0.53905978  0.98270683  0.00268533
  0.50764624  0.57632172  0.09242928
 -0.59599673  0.47044016 -0.00081653
  0.25685932  0.90664700  0.05044863
  0.08543710 -0.59072310 -0.62413922
  0.52319626  0.50907904  0.09801287
 -0.88643993 -0.35188581 -0.00275161
  0.12450095 -0.44115142 -0.52478614
  0.20697827 -0.74789255 -0.24507601
 -0.31912113  0.12430407 -0.19536223
 -0.34619997  0.02795923 -0.21024530
  0.04845385  0.39366510  0.55091942
 -0.63398493 -0.70264712  0.00451458
  0.43103370  0.17580210  0.27690104
 -0.71555732  0.11407891 -0.08694788
 -0.42633978  0.37625465 -0.00558398
  0.29744846 -0.76645652 -0.14507828
 -0.30952842 -0.16730285  0.12954204
  0.78775675 -0.40427685  0.01071023
  0.08913543 -0.19767323  0.05177163
  0.46327038  0.49003604  0.15479602
 -0.92663557  0.24363452 -0.00607559
  0.97965459  0.96078024  0.00000978
 -0.19013120 -0.92009640 -0.03275272
 -0.35925979  0.36964444  0.05367553
  0.27346973  0.25936284  0.18703462
 -0.79017797 -0.57987385  0.00184374
  0.51811826  0.03135622  0.30724007
 -0.39627435  0.38053752  0.02765608
  0.66243155 -0.40633687  0.02611894
  0.58178235 -0.88230747 -0.00485753
  0.30744822  0.56146248  0.35427165
 -0.81632144 -0.21221380 -0.01865051
  0.26703621  0.93417271  0.03539233
  0.86784643 -0.95476842 -0.00002751
 -0.35633292 -0.10185786 -0.07088222
  0.70815589  0.68165788  0.00751997
  0.22548767 -0.72431721 -0.26685100
 -0.52467452  0.68328989  0.04062544
  0.47490797  0.97691093  0.00534931
  0.29375407 -0.70082009 -0.22393726
  0.57856534 -0.18299629  0.18223689
 -0.16769161 -0.52808673 -0.25954611
 -0.11526130 -0.30229291  0.24010792
  0.37127996 -0.69991717 -0.13922239
 -0.19664135 -0.98764052 -0.01347573
  0.50428336 -0.09574452  0.29960698
 -0.18119792 -0.33117787  0.23896447
 -0.20233455 -0.21212353  0.35519259
  0.95179271 -0.07985926  0.00633804
 -0.53868343 -0.34132398  0.01341375
  0.26092583  0.26084499  0.18065729
 -0.68597119 -0.97969363  0.00035977
 -0.46678834  0.02421693 -0.29646185
  0.50824965 -0.36973529  0.05256860
 -0.16702494 -0.49951144 -0.21706057
  0.48152232 -0.33107149  0.08871733
  0.35494458 -0.51539010 -0.23082155
  0.39280057 -0.52927056 -0.17256306
  0.21805493 -0.00732231  0.10397505
 -0.41475397 -0.51285076  0.03216612
 -0.77087438 -0.08402991 -0.04978362
 -0.61978857 -0.89831803  0.00108415
 -0.77576605  0.76280264  0.00116579
  0.96910669  0.79821199  0.00007087
  0.20050214  0.77560315  0.21182653
  0.81069619  0.52534980  0.00531972
  0.46885793  0.05351495  0.33881542
  0.41284452 -0.38882473 -0.02454808
  0.29903371 -0.29562017 -0.00024864
  0.30052649 -0.59713574 -0.32000366
  0.18240715 -0.10467634  0.06021921
 -0.36790004  0.36053142  0.02764709
 -0.67009103  0.40961083 -0.02142336
  0.80844595 -0.04356041  0.03857613
 -0.98714962 -0.32919735 -0.00107837
 -0.29782203  0.29078938 -0.00702405
  0.76870027 -0.44715413  0.00827934
  0.37146669  0.07868915  0.31727228
 -0.91451601 -0.39036170 -0.00125336
 -0.34645552  0.91513042  0.02803387
  0.08764540 -0.70565280 -0.40575357
 -0.30247283 -0.30177964  0.23322758
  0.32731202 -0.27186908  0.07605390
  0.99301207 -0.25368893  0.00216086
 -0.28001406  0.37714208  0.19250737
 -0.22567360 -0.63653839 -0.18917973
  0.82844494  0.72753879  0.00114112
  0.87568605  0.24307195  0.01057191
 -0.48452492 -0.95599623  0.00028475
 -0.24977691  0.44486479  0.37772377
  0.46847069 -0.63676753 -0.07981391
 -0.80278039 -0.66397767  0.00128931
  0.02119768  0.02444412  0.05974889
  0.22013774 -0.14064152  0.09139236
  0.62858571  0.99428996  0.00094652
 -0.05279996 -0.40183900 -0.20169242
 -0.93577789  0.48488330 -0.00083449
 -0.93124240 -0.67920803  0.00021719
 -0.96707216 -0.37563543 -0.00085182
  0.35148271 -0.38124472 -0.08838122
  0.26765991 -0.51428054 -0.40265869
 -0.05702326  0.24969432  0.15605614
  0.40763259  0.82302490  0.04709985
 -0.26210979 -0.71543417 -0.10853510
 -0.37573277  0.91107121  0.02417724
  0.93806749 -0.89214148 -0.00001095
  0.79254124 -0.54296155  0.00171433
  0.30377902  0.41598940  0.33051814
 -0.18370975 -0.58232070 -0.26602420
  0.70670489  0.57673842  0.01377169
 -0.54553471 -0.45576748  0.02815577
  0.82641912 -0.88212095 -0.00013039
  0.59687800  0.67091776  0.02707806
 -0.30556814 -0.71154162 -0.07252015
 -0.84599925  0.59953041  0.00006622
  0.98567428 -0.54065835  0.00028559
  0.42064534  0.41556961  0.20500927
 -0.32959948  0.68808804  0.19436955
 -0.98980484  0.09819464 -0.00397608
 -0.83580601 -0.57029116  0.00097697
  0.81722291  0.82035581  0.00060033
 -0.89502127 -0.42713603 -0.00078299
 -0.27824202  0.97132067  0.02143662
  0.55234827 -0.18278771  0.20488669
 -0.27903619 -0.73963727 -0.08216495
  0.35627541  0.27313591  0.22421717
  0.74292248 -0.50811352  0.00402778
 -0.40017930 -0.03252118 -0.22874897
 -0.90213581  0.70908384  0.00015386
 -0.10395578 -0.94264070 -0.03862384
 -0.77290276  0.75318972  0.00127968
  0.87496983 -0.74911179 -0.00008914
  0.15194068 -0.41953378 -0.45904750
 -0.82804085  0.93329817  0.00012797
  0.49248762 -0.73444386 -0.04122182
 -0.42244613  0.28540504 -0.13247181
  0.19422868  0.35334209  0.32830592
  0.62883435  0.71164445  0.01512966
 -0.67517751  0.44915070 -0.01102601
  0.54338586  0.76593225  0.02430996
  0.75097553  0.91403137  0.00056274
 -0.54047894  0.50850631  0.02847596
  0.61633139 -0.10575263  0.18060065
  0.18179554 -0.09304094  0.05990592
  0.39651444  0.52197126  0.22717486
  0.54625078 -0.79946522 -0.01512067
  0.37685273  0.54665209  0.24744956
  0.17921398 -0.15725967  0.04852408
  0.96386440  0.47559314  0.00090150
 -0.96086553 -0.49289912 -0.00006457
 -0.23818390  0.15492977 -0.05965592
 -0.51181517  0.76769376  0.02880484
  0.30844247  0.61525111  0.31013914
 -0.28870030 -0.60258586 -0.10012665
 -0.16353954  0.35431249  0.33865455
 -0.69573192  0.29082229 -0.05261450
  0.05073836  0.39974474  0.56860109
  0.64938033  0.15771285  0.12696880
 -0.52683370 -0.14749960 -0.14590500
  0.97423751 -0.71889262  0.00001527
 -0.12409256  0.42559545  0.58091174
 -0.94430727  0.49740256 -0.00064320
 -0.13254240  0.63416373  0.57007454
  0.59446686 -0.08802484  0.21043975
 -0.16538539  0.84973928  0.12665914
  0.09665008 -0.81463877 -0.18698012
  0.45636048 -0.31369363  0.10456755
  0.64696255 -0.20326308  0.11428531
  0.80024491 -0.03153135  0.04238008
 -0.45074861  0.32246074 -0.09137604
  0.23810520  0.32243102  0.25126595
  0.33706353 -0.55191109 -0.26933265
 -0.64121136  0.28274189 -0.08059380
 -0.97628595  0.86157725  0.00002043
 -0.15127747 -0.81967242 -0.11175253
 -0.87061624  0.55586393 -0.00044747
 -0.37187277  0.07921452 -0.26453331
 -0.41425310 -0.03935895 -0.23469925
 -0.07801699 -0.37540829 -0.05297419
  0.43224971  0.27762530  0.21601192
  0.52126141  0.76717612  0.02955087
  0.80557303 -0.23987132  0.02489611
  0.93747610 -0.38735896  0.00221371
  0.59061212 -0.00127410  0.22840796
  0.03446773 -0.62869519 -0.56536692
  0.66689274 -0.98109449 -0.00054779
  0.32447945  0.31857726  0.23691239
  0.60458222 -0.07726965  0.20197646
 -0.01623532 -0.17592430  0.22950279
 -0.56479317  0.70393318  0.02432259
  0.53544585  0.52221670  0.08631284
 -0.50569272  0.18449805 -0.23285885
 -0.04783276  0.13407579  0.07040326
 -0.17014717 -0.35455821  0.17068735
 -0.38754573  0.18560935 -0.23562951
 -0.11813005  0.19947319  0.08592037
 -0.15031480  0.24813691  0.11687621
 -0.63170290 -0.31638543 -0.01753140
  0.35548124  0.79375145  0.08572717
 -0.00663730 -0.63934593 -0.52116971
 -0.74427672  0.30366165 -0.03260832
  0.79170576  0.71268249  0.00211469
 -0.28649395  0.69237502  0.24367584
  0.78751967 -0.83770632 -0.00038336
  0.43682137 -0.44051264 -0.05929843
  0.90829658 -0.06706663  0.01155184
  0.88573763 -0.14643789  0.01340273
  0.53979957  0.45359209  0.09793637
  0.13328971  0.37167752  0.41943463
 -0.31281953  0.33053044  0.04602188
 -0.35667501 -0.80564750 -0.02231814
 -0.87595033 -0.09571953 -0.01605169
  0.27332316 -0.93722448 -0.03281680
 -0.27981296 -0.64974185 -0.11294522
 -0.57094186  0.65855546  0.02689257
 -0.06247505  0.04645597  0.12392309
  0.87336673  0.38755225  0.00529827
  0.16403642  0.97751708  0.03134848
  0.59396972  0.69546621  0.02410801
  0.18856763  0.35726098  0.34087040
  0.65884878 -0.78691924 -0.00413747
 -0.55743151 -0.59964394  0.01260146
  0.68513827  0.55078140  0.01964398
  0.80971991 -0.79012913 -0.00034938
  0.76299453  0.32857864  0.02506987
  0.17471791  0.30161660  0.21628443
  0.71235695 -0.86640256 -0.00100939
  0.10326768  0.88687454  0.10204079
  0.39164354 -0.87417010 -0.03162425
 -0.35006699  0.69266330  0.16676017
 -0.09945850 -0.82104038 -0.13785417
  0.18002710 -0.07101007  0.05758147
 -0.04053916  0.01337879  0.13281997
 -0.60251208 -0.07362217 -0.16868497
  0.28575951  0.66889564  0.28213653
  0.02930685  0.18250154  0.03876532
  0.18937831  0.51816858  0.59087421
  0.46910186  0.21523908  0.23849246
  0.10476956 -0.45934988 -0.56847684
 -0.32462702  0.61523934  0.26473057
 -0.43419332  0.29397576 -0.12476767
 -0.00281998 -0.87188646 -0.10837561
  0.09595339  0.60432346  0.67240691
  0.93300283 -0.45195657  0.00139570
 -0.77212760  0.20381242 -0.04111672
  0.01741387  0.90447669  0.09306041
  0.89539732 -0.90599055 -0.00002615
 -0.22303259  0.86714800  0.08745420
  0.99824364  0.58832513  0.00024528
 -0.26802263  0.18396652 -0.09655926
 -0.19635258  0.00866373  0.09757796
 -0.40602780 -0.65988594 -0.01641973
 -0.12369565 -0.30971745  0.23347879
  0.50912258  0.10448906  0.28813119
  0.68313892 -0.80837377 -0.00251771
 -0.87194927  0.47152921 -0.00200861
 -0.34555638  0.32450139 -0.00854595
 -0.54102063 -0.39058495  0.02610347
 -0.68071755 -0.11936205 -0.09174323
  0.34414118 -0.98505862 -0.01245878
  0.75624401 -0.80977775 -0.00080323
 -0.20499524  0.36849660  0.30902642
 -0.69331833  0.55733311  0.00301625
 -0.75392383 -0.42027217 -0.00100037
  0.30388419  0.88292057  0.05119058
  0.32214162  0.32616063  0.24205732
  0.40696990  0.24604026  0.23446661
 -0.69149149  0.47383735 -0.00613832
  0.42009499  0.52454090  0.19570884
  0.37676238 -0.02995102  0.33699876
 -0.11057820  0.49659658  0.71593100
  0.59540239  0.97049997  0.00183848
 -0.16917257  0.03005770  0.11221874
  0.32799658  0.71467197  0.17637800
 -0.92450933 -0.77299985  0.00015046
  0.39418963  0.50585441  0.23366876
 -0.58018547 -0.15603456 -0.12548590
 -0.18843522 -0.63722902 -0.24930752
 -0.14089726  0.23487435  0.10625938
  0.88127525  0.34418620  0.00607829
 -0.67218628 -0.54864296  0.00734859
  0.33145595  0.75071550  0.13695605
  0.74380894  0.82621107  0.00153936
  0.32238738 -0.66377723 -0.22765730
  0.11303961  0.62993455  0.60326174
  0.88335391 -0.95221822 -0.00002066
  0.58128925  0.28891775  0.12295028
 -0.21464069 -0.92066241 -0.02768284
 -0.15734118 -0.28784935  0.31226136
  0.97262508 -0.40670206  0.00118694
 -0.36029063  0.09699862 -0.25251818
 -0.37229382  0.44539687  0.14497995
 -0.41868830 -0.82799723 -0.00678085
  0.63468635  0.46075945  0.04562166
 -0.39325940  0.87267495  0.03186095
  0.22002811  0.32442166  0.25771355
  0.63443661 -0.78972360 -0.00563993
 -0.71438361 -0.82965442  0.00108304
  0.41340171  0.69095135  0.11674392
 -0.38806572 -0.37559005  0.11841501
 -0.53488676 -0.07202945 -0.21526034
 -0.23760148 -0.60196093 -0.17271808
  0.43512031  0.58820918  0.15418654
  0.05900809 -0.95376536 -0.04556505
 -0.50332229  0.60669417  0.06183357
  0.54702322  0.79008327  0.01939050
 -0.37564002 -0.88626728 -0.00774174
 -0.24112897  0.32821501  0.15401835
 -0.52007755  0.87751427  0.01051401
 -0.12948385  0.14195831  0.06971684
 -0.05913049  0.74968597  0.35454256
  0.70714118 -0.44081914  0.01358496
 -0.11921002 -0.29919237  0.25271661
 -0.82582294  0.79202590  0.00045236
  0.09041288  0.94349313  0.05595651
  0.45519244 -0.80592588 -0.03517274
  0.51680771  0.80098388  0.02345342
  0.08364682 -0.70177237 -0.41551051
  0.69168678  0.81691843  0.00322093
  0.26153253 -0.28592263 -0.02908975
 -0.87569866 -0.06219845 -0.01733923
 -0.11527576 -0.79129036 -0.16574422
 -0.40020038  0.04688503 -0.28352753
 -0.52376364 -0.86775355  0.00093853
  0.92363810  0.38415060  0.00279515
  0.33522332 -0.96321574 -0.01725218
  0.18284543 -0.20461414  0.02075622
  0.75296951 -0.05396319  0.06702839
 -0.27490966  0.47815604  0.36461051
  0.97875899 -0.01626618  0.00452622
 -0.75720105  0.01688177 -0.06500490
 -0.65424336 -0.82234139  0.00171030
  0.80448296 -0.46144857  0.00521696
 -0.43866966  0.06308121 -0.30402146
 -0.83805870  0.14043636 -0.02508527
 -0.21763074 -0.35635576  0.20166639
 -0.39353647 -0.28533686  0.10830700
 -0.35157162  0.89971665  0.03204592
 -0.88371635 -0.12216388 -0.01356708
 -0.80025809  0.25256334 -0.02531911
 -0.71226080 -0.56317214  0.00472474
  0.80475463  0.71140968  0.00179030
 -0.66007385  0.45938251 -0.00883499
  0.85714687 -0.43455643  0.00403242
  0.52693063  0.28702774  0.16104609
  0.78739245  0.68146074  0.00279646
  0.63313944 -0.14984704  0.14782569
 -0.12674005  0.70316858  0.42216340
 -0.51006074 -0.34604234  0.02914049
 -0.96429078 -0.19366984 -0.00369893
 -0.49664411  0.96748971  0.00483287
  0.75593901 -0.57838023  0.00034064
 -0.74092397  0.77449495  0.00181558
  0.02580598  0.31704612  0.30850207
  0.16245997  0.77976961  0.23213678
  0.68785696 -0.50333346  0.00445940
 -0.27073876  0.01588434 -0.05473584
  0.77432552 -0.90066222 -0.00027241
 -0.38411652  0.02566303 -0.25933338
  0.31967121  0.41643499  0.31235823
  0.26992526 -0.02839773  0.19135763
 -0.66052650 -0.71844957  0.00350982
  0.88587900 -0.77115211 -0.00006912
  0.68498827  0.07251932  0.11667644
 -0.00255756  0.07446152  0.05833592
  0.97114909 -0.33893388  0.00191452
 -0.36118363 -0.50162091  0.02687408
  0.87000738 -0.94385178 -0.00002987
  0.21638133  0.81207617  0.14916442
  0.82532948  0.86008951  0.00036049
 -0.41907760 -0.01509833 -0.26123835
 -0.01777092 -0.36005788 -0.12777536
  0.41552408 -0.85417632 -0.03202199
 -0.94016639 -0.22433141 -0.00429976
 -0.24139398 -0.75462141 -0.10341790
  0.11609846  0.43382689  0.60306659
 -0.19907654  0.98775130  0.02455841
  0.72425455  0.47951065  0.01798495
 -0.50808572  0.05042777 -0.28482723
  0.43405379  0.63409184  0.13215641
 -0.49586384 -0.54626119  0.02275445
 -0.13791297  0.27976661  0.18393862
  0.75147427 -0.70415625 -0.00137309
  0.93361953 -0.30675913  0.00386448
  0.23268108 -0.02814172  0.12771969
 -0.25544674  0.32305696  0.11973521
 -0.40007976  0.13409922 -0.27688115
  0.34005671  0.37827006  0.26679445
 -0.57429544 -0.08554417 -0.18226323
  0.18157989 -0.94969362 -0.04010251
 -0.73439350  0.08977351 -0.07684184
  0.32207811  0.96948329  0.01740154
 -0.47079517 -0.80297323 -0.00181144
  0.69563604 -0.95641042 -0.00049601
  0.83902642 -0.03027868  0.02767594
 -0.56961472 -0.03127982 -0.21623279
 -0.80083624 -0.85324022  0.00039500
 -0.40234739 -0.29075171  0.09986603
 -0.77183783  0.05780512 -0.05625678
  0.03200418 -0.74715265 -0.31689306
  0.61736166  0.39517442  0.06616353
 -0.74113537 -0.17436035 -0.04537919
  0.37400495 -0.02280055  0.33597008
  0.25344820  0.57980981  0.44121997
  0.88748180  0.60376173  0.00118751
 -0.73404948  0.73665830  0.00245884
  0.03985274 -0.70594275 -0.40817427
 -0.98916726 -0.32459551 -0.00109521
  0.85464154  0.41071758  0.00587671
 -0.42998038 -0.79283965 -0.00714985
 -0.32840596  0.15488075 -0.19960011
  0.54205410  0.06271167  0.27461377
  0.13961239 -0.98075721 -0.03022492
 -0.72308297  0.00904719 -0.08733022
  0.48280987 -0.97704245 -0.00468913
  0.80502982  0.21697946  0.02643303
  0.11481051  0.87592894  0.11153045
  0.02651093  0.63242822  0.66706835
  0.29121082 -0.00253466  0.22920146
  0.54389073  0.31724493  0.13553109
 -0.16223939 -0.36204094  0.14054037
  0.79374776 -0.70481352 -0.00058290
  0.13333573 -0.10919815  0.03920475
  0.40820659  0.87255459  0.02937570
  0.89888021 -0.47889744  0.00163791
 -0.48314143 -0.34673403  0.04589306
  0.08448785 -0.33533216 -0.20866758
  0.75168559  0.17055848  0.05292459
 -0.38576144 -0.30630499  0.12717399
 -0.23712404  0.96361661  0.02853464
 -0.31916243  0.39091297  0.15049095
  0.92373014 -0.42997225  0.00190181
  0.04979021 -0.50680864 -0.62891103
 -0.44633903  0.23191900 -0.20500036
  0.20085431 -0.75075062 -0.24528775
  0.37215576  0.01358743  0.33538205
 -0.30910424  0.51619533  0.31671819
 -0.61940828  0.62672658  0.01565854
  0.90797469 -0.65284663  0.00009482
 -0.70969073 -0.28937813 -0.02251943
  0.19417585 -0.17072014  0.05242187
  0.07598627 -0.00934922  0.02661710
 -0.14440370 -0.56999835 -0.34348337
 -0.24179321  0.70583589  0.28209463
 -0.95294336  0.05531484 -0.00695772
  0.04929129 -0.19911124  0.10486422
 -0.98181485  0.76444473  0.00003022
  0.89331826  0.93144595  0.00005839
 -0.43664645 -0.43939176  0.06605173
 -0.86327567 -0.70604870  0.00050475
  0.45509502  0.52813438  0.15438528
  0.93434537  0.36217388  0.00273597
 -0.24503846 -0.12945334  0.20541711
 -0.27224193 -0.29750524  0.26848503
 -0.63735937  0.65853105  0.01196213
  0.65828555 -0.29921546  0.06651220
 -0.91167967  0.05793362 -0.01189492
  0.98060705 -0.79410743 -0.00000183
  0.66208572  0.75627503  0.00759854
  0.58494214  0.59031774  0.04489899
 -0.15772882  0.26747208  0.14186995
  0.91967376  0.03186754  0.01015652
 -0.71715976 -0.47060630  0.00320976
 -0.84468999 -0.59983420  0.00088133
  0.02948254  0.41341190  0.62113876
  0.49571593  0.76836573  0.03671645
  0.00736226 -0.17145628  0.18650625
  0.44748002  0.56726966  0.14964107
 -0.38047206  0.76633649  0.08650889
  0.66932231 -0.18259174  0.10487102
  0.54784447 -0.18818657  0.20470441
 -0.66004877 -0.04664841 -0.13051800
  0.47075786 -0.24027496  0.19572769
 -0.68315458 -0.10388527 -0.09558348
  0.24985842  0.46447593  0.45169701
 -0.61641870 -0.25150546 -0.04892433
 -0.42426304  0.17580169 -0.25838839
  0.00579046 -0.24659260  0.13362003
  0.95315695 -0.72196920  0.00001078
  0.00142515  0.33715076  0.38108239
  0.70570182  0.89085618  0.00130027
  0.67247642  0.03234751  0.13366733
  0.91135527  0.27001277  0.00597358
 -0.48772713  0.57144096  0.07315979
 -0.81248632  0.34848068 -0.01250506
  0.19647208 -0.64252581 -0.44110859
  0.07010688  0.49312303  0.75581479
 -0.56736340  0.18517151 -0.18812171
  0.27022796 -0.16512998  0.14154018
  0.37562198  0.18456846  0.25981897
 -0.88762192  0.44657104 -0.00227633
  0.63414352 -0.77464341 -0.00627854
 -0.29999854 -0.86330627 -0.02519832
 -0.39117590 -0.78113419 -0.01622787
  0.95947729 -0.24680149  0.00360934
 -0.25944353  0.47288020  0.39323391
 -0.01109759 -0.58743923 -0.58189353
 -0.87615193  0.03464597 -0.01858535
  0.35247734  0.11168924  0.28451852
 -0.21332283  0.04021728  0.03598755
 -0.96680381 -0.01023294 -0.00578859
  0.87711777 -0.43036181  0.00334235
  0.40237334 -0.14370807  0.29256038
  0.03500211  0.40657613  0.59819849
  0.04334803  0.14239925  0.01352343
 -0.01958167 -0.27320061  0.13498094
  0.93831712  0.59837411  0.00058275
 -0.67965552 -0.72062457  0.00305505
 -0.21829435  0.47939788  0.49177306
  0.78855439 -0.28677639  0.02380313
 -0.49240325  0.23876008 -0.18996926
  0.79213556 -0.10494105  0.04259214
  0.26247130  0.02272083  0.17805767
 -0.43762150  0.10576619 -0.29902858
  0.16991320  0.85575129  0.11810187
 -0.29456177 -0.30737516  0.23959838
 -0.76780615  0.52782399 -0.00120630
  0.31036090 -0.59131245 -0.30583438
  0.01954613  0.10708685  0.02914931
 -0.79730292  0.96193967  0.00014683
  0.42162498 -0.73499137 -0.07765218
 -0.60812881 -0.37974360  0.00486175
  0.57737143  0.03172831  0.24164520
 -0.52969549 -0.72920727  0.00313577
  0.76232102 -0.58270486  0.00030476
 -0.17724270  0.62457395  0.51834305
  0.44766536  0.23310389  0.23464338
  0.72361658  0.68201923  0.00623368
 -0.03529955 -0.06090430  0.19046445
  0.38712698  0.51577284  0.24162801
 -0.93748984 -0.67516601  0.00020014
  0.34824478 -0.33674397 -0.01460605
 -0.13460679  0.26763654  0.16263064
 -0.99065660 -0.00611050 -0.00416064
 -0.22717569  0.06930297 -0.01317468
  0.39013158  0.56983425  0.21835353
 -0.87662808  0.80698532  0.00017835
  0.20289200  0.42402496  0.46981962
 -0.72973270  0.22511697 -0.05569811
  0.59848024  0.61360617  0.03570286
 -0.90891745 -0.41391581 -0.00090626
 -0.73571337 -0.99622692  0.00020029
 -0.55842823 -0.08774666 -0.19054751
 -0.94275254  0.74419037  0.00006876
 -0.84239021  0.24464140 -0.01673177
 -0.79781819 -0.13289446 -0.03298552
  0.05466811  0.66773740  0.56716354
 -0.84394441  0.14863268 -0.02302784
 -0.47970142  0.77073576  0.03795899
 -0.62013386 -0.88844221  0.00117269
  0.01733146 -0.35869273 -0.19135988
  0.76223911  0.84324135  0.00102531
 -0.21559216 -0.44645266 -0.01492598
 -0.42792567 -0.67333254 -0.00956383
  0.08994246  0.46208458  0.69150090
  0.47304785  0.62586843  0.10179945
 -0.63576802 -0.26499070 -0.03994760
  0.80270247  0.83531409  0.00063779
  0.45921865 -0.44751024 -0.04429557
  0.22075069  0.87401109  0.08269157
  0.53403658 -0.39257381  0.03735455
  0.07944845  0.09679356 -0.00335005
  0.30789551 -0.41547527 -0.21617987
 -0.24354246  0.58674269  0.43949404
 -0.01719316  0.87420088  0.12746782
  0.49687525  0.15964369  0.26273635
 -0.60172182  0.16383752 -0.16970834
  0.07883346 -0.60360212 -0.60923360
  0.56122244  0.34084573  0.11478518
 -0.86775885 -0.86672078  0.00016054
  0.12685119  0.19036802  0.02968411
  0.43845979 -0.07188631  0.34318053
  0.86897643  0.25466500  0.01092650
  0.11189253  0.39673351  0.51081755
 -0.49822642 -0.28470214  0.00269730
 -0.08988516  0.57480148  0.72568879
  0.80467736  0.32439048  0.01655282
 -0.31059007  0.95837883  0.02111702
  0.12075648 -0.31453732 -0.17376559
  0.23613364 -0.61481642 -0.41863027
  0.37337017  0.49103169  0.26428725
  0.99729597 -0.63185798  0.00007524
 -0.94129225 -0.53854630  0.00011151
 -0.77680774  0.17518479 -0.04325259
 -0.48912389 -0.79888958 -0.00039887
  0.19540706  0.45029341  0.52374204
  0.22365829  0.39170501  0.38562765
  0.04295019  0.28570737  0.20974243
  0.28204926 -0.96338121 -0.02308124
  0.44917344 -0.30621431  0.11236683
  0.46958741 -0.23314773  0.20396754
 -0.16786489 -0.42225268 -0.02794330
 -0.24677101  0.33218321  0.15349617
  0.88183965 -0.90858864 -0.00003403
 -0.76951705 -0.37898526 -0.00431511
 -0.61939971 -0.81607313  0.00206400
 -0.89278381 -0.10890104 -0.01268493
 -0.13961801 -0.98251204 -0.02006013
  0.60664512 -0.49582200 -0.00065679
 -0.86077083  0.85789686  0.00015877
  0.55277297 -0.08703350  0.25722953
  0.33834688 -0.38859399 -0.12027451
  0.20502136  0.33713663  0.28732299
  0.91446059  0.76268006  0.00023764
 -0.94164097  0.38592869 -0.00207985
 -0.49438724 -0.91409977  0.00034124
 -0.40854481 -0.81366448 -0.00937613
  0.39588200 -0.41906365 -0.08319098
 -0.89649023 -0.91441280  0.00007233
  0.96682587 -0.90315748 -0.00000464
 -0.11377605  0.14074186  0.07669600
  0.23005607 -0.31135096 -0.11802955
  0.82026425 -0.63915114 -0.00003613
 -0.39158441  0.45886941  0.13091626
 -0.84849710 -0.83381057  0.00026640
  0.45552991 -0.53306442 -0.09361562
 -0.19712361  0.82058857  0.14852293
 -0.88820577 -0.52448803  0.00027198
 -0.76645141  0.57141114  0.00051579
  0.49853756 -0.29161247  0.13359600
  0.82830089  0.91628054  0.00018697
  0.57305918 -0.40697536  0.03141741
  0.26183480 -0.46174433 -0.37175814
 -0.66664268  0.05413618 -0.13473450
 -0.39644488  0.00622384 -0.25928098
 -0.79339567  0.10169543 -0.04340766
 -0.98771836 -0.38890302 -0.00056375
  0.92531370 -0.09472946  0.00890661
 -0.13602341  0.35366953  0.37262829
 -0.49478483 -0.33861980  0.03546169
 -0.96234913  0.84919028  0.00002911
 -0.23388868 -0.13000989  0.22737996
 -0.20802918 -0.99950831 -0.01058241
  0.18963611 -0.68419845 -0.37609681
  0.94890569  0.31466518  0.00289088
  0.08412556 -0.30591564 -0.12374711
  0.90781561  0.53311706  0.00140256
  0.67590084  0.68771811  0.01051925
  0.98477179  0.54951925  0.00039985
 -0.21800146 -0.70731007 -0.16020346
 -0.44840269  0.46221526  0.06746458
 -0.78406581 -0.82591083  0.00058648
 -0.70286455 -0.21796580 -0.04557013
 -0.22706532  0.56728267  0.48817332
 -0.77097576  0.16801136 -0.04674623
 -0.64963156 -0.64310794  0.00603827
 -0.38198428  0.82090460  0.05572380
 -0.67114473 -0.92223166  0.00068253
  0.13513753 -0.81599932 -0.17522983
 -0.57155474 -0.07916327 -0.18834212
 -0.58014645 -0.71176998  0.00486003
 -0.60784294 -0.99798888  0.00047842
  0.30929621  0.51636021  0.36567043
 -0.30247401 -0.19040014  0.17633240
 -0.35027066 -0.05875371 -0.12540639
 -0.74441837 -0.62790265  0.00283550
  0.83818244  0.75038266  0.00082737
  0.24037728 -0.02369057  0.14064709
  0.30036288 -0.27061740  0.04644174
  0.59445083  0.80021113  0.01110691
  0.37316232  0.21982624  0.24086261
  0.47274087  0.53597748  0.13429148
  0.56104386  0.74857822  0.02336842
 -0.16328508 -0.21867308  0.37650687
  0.73980022 -0.91889779 -0.00039256
  0.79029712  0.97350540  0.00016118
 -0.85537730 -0.34358844 -0.00410266
  0.11070773 -0.58528859 -0.61864473
  0.22178731  0.96183196  0.03113203
  0.92831954 -0.36691363  0.00288151
  0.95883400 -0.48896946  0.00070384
 -0.10738904  0.87532376  0.11392746
 -0.33550474  0.03945629 -0.20031935
  0.22289713 -0.32203790 -0.14985618
  0.18328683 -0.55367704 -0.56057518
 -0.30244096  0.60463968  0.31077065
 -0.21639872  0.28329641  0.09863531
 -0.21440506 -0.71116984 -0.16135411
 -0.22349188  0.96312786  0.03038159
  0.85899411  0.38927092  0.00627641
  0.06095765  0.37772923  0.49199352
 -0.86212222  0.94091280  0.00006907
  0.61289540  0.59311869  0.03398121
  0.88212044  0.86522132  0.00014638
  0.69411444 -0.89598187 -0.00098868
 -0.82541785  0.97997619  0.00007784
  0.87223577  0.38994218  0.00530292
  0.53879086  0.07487037  0.27380582
  0.54011960  0.72951664  0.03258996
  0.47896272  0.83556221  0.02407431
 -0.89231613  0.85657398  0.00009510
  0.77929258 -0.18407495  0.04007983
  0.75886545  0.55835335  0.00832478
  0.93139983  0.01079565  0.00877042
 -0.15523231  0.28269566  0.17381101
  0.82008296 -0.34628480  0.01204121
 -0.31770061  0.96259464  0.01927348
  0.21895831  0.77773379  0.19457144
 -0.29432769 -0.25398663  0.24525918
 -0.10423080 -0.08392356  0.27465965
 -0.35385426 -0.45705949  0.06663673
 -0.85863052  0.21830732 -0.01555949
  0.71931441 -0.41011625  0.01783217
  0.96746952 -0.20786445  0.00374482
  0.69811594 -0.34773100  0.03603839
  0.93597887  0.22663070  0.00517383
  0.84157870 -0.26810967  0.01475989
 -0.96625359  0.02527822 -0.00588070
  0.78260279 -0.81044875 -0.00050902
  0.04688890  0.17428443  0.02469801
 -0.20268697  0.18633101  0.00166653
 -0.41943296 -0.04647518 -0.23128122
 -0.77699424 -0.75340072  0.00105669
  0.55480940  0.31123553  0.13084807
  0.22330071 -0.45872064 -0.44039434
 -0.05035886 -0.52725630 -0.51508623
 -0.79585621  0.89507918  0.00030892
  0.66384798 -0.11570831  0.12952467
 -0.02496728 -0.53188234 -0.56453895
  0.01470396  0.66859050  0.57956345
 -0.87164725  0.84158466  0.00015163
  0.52550467 -0.57679958 -0.04480893
  0.51318132  0.98151976  0.00360350
  0.30340733 -0.22519866  0.11973727
 -0.20987507  0.81288659  0.15135049
  0.17866007  0.85561392  0.11507320
 -0.53530015 -0.13100299 -0.16180456
 -0.01009544 -0.26486325  0.13297937
  0.30163732 -0.56646623 -0.33360049
  0.66892708 -0.72558926 -0.00506992
 -0.85522946 -0.77312458  0.00037988
  0.11526952 -0.40070855 -0.42280709
 -0.97884173 -0.69267804  0.00009900
  0.14372076 -0.78017718 -0.23030691
  0.42953551  0.65187143  0.12647462
  0.31443443 -0.47971101 -0.28567030
  0.99365634  0.87019440  0.00002232
  0.56420689  0.18434130  0.19220597
 -0.41256872  0.21995973 -0.21274538
 -0.81774117 -0.47670280  0.00033762
 -0.09835645 -0.48711558 -0.34794476
 -0.54718729 -0.97341953  0.00064279
 -0.59232625  0.09785433 -0.20322305
  0.80673492  0.36762205  0.01300118
 -0.28883232 -0.47249211  0.01763104
  0.71050603 -0.73747404 -0.00254413
 -0.35764945 -0.55185005 -0.01144112
 -0.55822840  0.70362785  0.02615276
 -0.78107708  0.44530399 -0.00649950
  0.97047665 -0.15457694  0.00421613
  0.29529579  0.90397151  0.04295977
 -0.60188327 -0.27616533 -0.03505830
 -0.26966346 -0.62226181 -0.12736811
 -0.51202532  0.01200390 -0.27561448
  0.46161911 -0.13210728  0.30193240
 -0.20687869 -0.39259398  0.10751076
 -0.12139752 -0.73003125 -0.24581196
 -0.63149587  0.11032649 -0.16047218
 -0.47208167 -0.03220947 -0.26448586
 -0.82105964  0.86965666  0.00026855
 -0.58645478 -0.35531214  0.00291401
 -0.24150490  0.18126008 -0.05698702
  0.68079734 -0.04307829  0.12544345
  0.08573702  0.92411879  0.07037742
 -0.48367675 -0.46617473  0.04362788
  0.70370031 -0.94897510 -0.00048195
  0.06285581 -0.61374182 -0.59565484
 -0.41504844  0.98119776  0.00802432
  0.35511592  0.37186262  0.25209992
  0.74130824 -0.49425520  0.00520503
 -0.94676057  0.79089111  0.00005548
 -0.20088901 -0.37376943  0.14988525
  0.41262617  0.65977091  0.13759587
 -0.09041861  0.31412003  0.29949026
 -0.26714699  0.99336518  0.01715844
 -0.60712445  0.29776381 -0.08862282
 -0.88859596 -0.38636440 -0.00170594
 -0.27033597 -0.08460403  0.08110278
 -0.74480565  0.69654037  0.00241984
  0.87382583  0.13406929  0.01554139
 -0.43866559 -0.31487952  0.07083802
  0.21055623 -0.19547949  0.04817169
 -0.21810122 -0.09560768  0.20375975
  0.36339592 -0.56839509 -0.22147919
 -0.31587664  0.39428480  0.16206072
  0.84689215  0.37302686  0.00794489
  0.27334785  0.43810173  0.39078114
 -0.26084639  0.25849197 -0.00788657
  0.33514675 -0.80045622 -0.09003703
 -0.56170319 -0.67630727  0.00652150
 -0.59782179  0.71049488  0.01627557
  0.11318818 -0.12495093  0.04606917
 -0.11104262 -0.72639973 -0.26211227
 -0.69455264  0.54480539  0.00205398
  0.95687322 -0.14261174  0.00526607
  0.00390397  0.99608186  0.03154389
 -0.20402052  0.42883176  0.44633017
  0.16771639  0.86713365  0.10645773
  0.36536143  0.85838861  0.04533497
 -0.59893599  0.89207795  0.00403602
 -0.14151668 -0.57192341 -0.35021516
 -0.40139548 -0.83553312 -0.00874315
 -0.52269025 -0.39928694  0.03459702
  0.06179694 -0.78583789 -0.24107290
 -0.06106304  0.26171611  0.17921945
  0.71578666  0.49446154  0.01834401
 -0.67311043 -0.93134243  0.00062114
 -0.30729245  0.62509876  0.28594895
  0.93984630 -0.00106774  0.00783713
 -0.21449463  0.01174935  0.06313628
  0.43296589  0.85030201  0.03037012
 -0.87298349 -0.25209457 -0.00796297
  0.44045317 -0.15614917  0.28697996
 -0.25630834 -0.68013760 -0.13161895
  0.27560476 -0.36369312 -0.17182302
 -0.34301359 -0.74761852 -0.03947762
 -0.47661265  0.83894418  0.02253978
 -0.45076569  0.44672049  0.05275385
  0.67142004 -0.69961484 -0.00536739
 -0.97158321  0.64713029 -0.00000348
  0.08760450  0.85409344  0.14511375
 -0.83918652 -0.28460605 -0.00874821
 -0.58598141  0.28868980 -0.10436794
  0.18975507  0.78904293  0.19828033
 -0.15309331 -0.42021005 -0.04873211
  0.06144964 -0.04282225  0.05306473
 -0.51056446  0.90357416  0.00880396
 -0.58308274  0.05997235 -0.21909342
  0.41351711 -0.85820298 -0.03131074
  0.04532227 -0.86252955 -0.12315114
  0.15685882  0.52208894  0.65021422
  0.78260618  0.77664962  0.00143763
  0.33262071 -0.17364923  0.21235714
 -0.24126388  0.17696801 -0.05851619
 -0.38306404  0.36644283  0.02010793
 -0.97375700 -0.71598887  0.00009803
 -0.32496085 -0.90042358 -0.01286321
  0.32682083  0.09804264  0.26195056
  0.91166513 -0.74649353 -0.00002671
 -0.84083044 -0.26248855 -0.01032981
  0.12885842 -0.62321800 -0.55176110
 -0.14866482 -0.58412181 -0.33743998
 -0.21832713 -0.08003092  0.17971356
  0.97201232 -0.85584128 -0.00000515
  0.50901106 -0.32333968  0.09889644
  0.67666082 -0.20796539  0.09097490
 -0.76249829 -0.96584617  0.00021113
 -0.33049889  0.09679045 -0.21271853
  0.52671142  0.48596718  0.10043537
 -0.16161993 -0.10677147  0.29181487
  0.14997814 -0.94195975 -0.04744752
 -0.98566005 -0.05964638 -0.00422088
 -0.78776669  0.93086704  0.00023981
  0.86656680  0.06380964  0.01929914
 -0.54869022  0.49660586  0.02110569
  0.75817526 -0.55411446  0.00128644
 -0.16268873 -0.00392518  0.15680690
  0.29341539  0.84905646  0.07552412
 -0.31098445 -0.81984510 -0.03386098
 -0.21982586 -0.58321322 -0.19823864
  0.77831374  0.95286860  0.00024613
  0.66258561 -0.13042089  0.12677819
  0.57697683 -0.19857039  0.17379595
  0.56455865  0.77822954  0.01801062
 -0.34417385 -0.98071738 -0.00345245
 -0.69997844  0.43942299 -0.01197795
 -0.02972199  0.06769992  0.08570864
  0.74602598 -0.84198073 -0.00074252
 -0.98598576  0.27806833 -0.00230098
  0.68337134  0.33966150  0.04933855
 -0.59449811  0.32738260 -0.07469472
 -0.44572575 -0.59112438  0.00777414
  0.04264047 -0.74384901 -0.32527329
 -0.13795816  0.54468490  0.67924580
 -0.11015911 -0.08687063  0.27983101
  0.11152831  0.73557871  0.35889317
  0.15892545 -0.22370518 -0.00619381
  0.32965267 -0.65822525 -0.22284289
 -0.85751941  0.30205079 -0.01044712
 -0.16282957 -0.17159863  0.36081255
  0.45305275 -0.23021860  0.20917085
 -0.34529695  0.14793010 -0.22360421
 -0.00615073 -0.69692224 -0.41005800
 -0.46667838 -0.53424996  0.02632979
 -0.02753456  0.23515979  0.12546389
 -0.13269580  0.70625960  0.40914963
 -0.70329947  0.87305833  0.00138745
 -0.32689038  0.03540786 -0.18294824
  0.93829915 -0.33948384  0.00300714
  0.99678845 -0.95220751 -0.00000118
  0.67570485  0.76905761  0.00587119
 -0.04264702  0.51823055  0.79810325
 -0.63308450 -0.16358971 -0.09746906
 -0.08632312  0.96236564  0.04500126
  0.73030958  0.65657432  0.00675258
  0.29651440  0.82355499  0.09372775
 -0.98611176 -0.44348205 -0.00024990
 -0.99394162 -0.72168866  0.00006924
  0.08258540 -0.64625228 -0.53531841
 -0.86928849  0.59131221 -0.00008918
  0.29420599  0.85089186  0.07391998
 -0.48440397 -0.74987251 -0.00067159
 -0.77566729 -0.91879857  0.00029066
  0.31273680 -0.49481337 -0.30050655
  0.11146670 -0.48968411 -0.61523157
  0.17429739  0.20169670  0.06471963
 -0.90378420  0.75202826  0.00014344
  0.19730685  0.14749181  0.06359304
 -0.66093385 -0.97521352  0.00044756
  0.14362560  0.22837463  0.07722403
 -0.00897558  0.27415933  0.19877851
  0.89128195 -0.96913827 -0.00001432
 -0.74839584  0.94387241  0.00036245
 -0.58588187  0.55940897  0.02138331
  0.71430517 -0.62245622 -0.00224940
 -0.13862767 -0.49396076 -0.26925471
 -0.17703369  0.46850707  0.56713307
  0.33123682 -0.98351432 -0.01374991
  0.40783850 -0.52632706 -0.14980998
  0.28772141 -0.28949281 -0.00313764
 -0.13756743  0.65333444  0.52330086
 -0.67329846 -0.32679923 -0.01479801
  0.51579423  0.44203319  0.11785941
 -0.91717271 -0.69667721  0.00025052
 -0.24441195 -0.30607890  0.28323728
 -0.32426162 -0.29848540  0.20672292
  0.70055540  0.73144630  0.00584536
  0.74822308 -0.49656602  0.00485421
 -0.09929322 -0.50831122 -0.38553046
  0.14136751 -0.29657921 -0.13416032
