  0.30360267  0.22561414  0.19691862
  0.74757227  0.58535454  0.00824592
  0.44884995 -0.18169114  0.26212631
  0.99530680  0.24761701  0.00203734
 -0.29366949 -0.63455372 -0.09815873
 -0.35819130 -0.48878647  0.03703247
  0.88216949  0.78581335  0.00031826
  0.97610422  0.90494395  0.00002044
  0.74841384 -0.67551300 -0.00143241
 -0.70662317  0.29960620 -0.04578727
  0.58017188 -0.85539678 -0.00641421
 -0.51096112 -0.97858570  0.00050975
 -0.53491718 -0.49029024  0.02790241
  0.82437592 -0.26490685  0.01817267
 -0.92393195  0.30166463 -0.00467332
  0.63273373 -0.83249918 -0.00412948
 -0.97703791 -0.26876936 -0.00200566
 -0.17446912 -0.16795802  0.35128673
 -0.07324797 -0.06798697  0.23843044
  0.09631706  0.06538184 -0.00226805
  0.01538511  0.56218266  0.79105130
 -0.42006970  0.10100376 -0.29666576
  0.14933066 -0.59221698 -0.57584772
  0.11047394 -0.57176795 -0.63144622
  0.09831344 -0.86046034 -0.12297068
  0.72089503 -0.58323459 -0.00077497
 -0.52273581 -0.23882957 -0.04928958
 -0.42526722  0.50104626  0.11735083
 -0.36212206 -0.78526065 -0.02424588
  0.61227174 -0.49588309  0.00021621
  0.00780970 -0.92029832 -0.06558415
  0.24838751 -0.22511678  0.05424751
 -0.38345230 -0.33590008  0.13267333
  0.86318649 -0.06402088  0.02035299
 -0.99985801  0.45156101 -0.00052624
 -0.20103416 -0.95415273 -0.02025087
  0.27548478 -0.12129597  0.17580659
  0.18353827  0.23596922  0.10555142
 -0.09180666 -0.90182945 -0.06431785
  0.43938835  0.48018572  0.18178144
 -0.19040241 -0.89717495 -0.04228914
  0.89600931  0.75477370  0.00033861
  0.65529990 -0.10272681  0.14095628
  0.76894943  0.70743667  0.00296551
  0.29547349  0.01356653  0.23590565
 -0.84795418 -0.27518623 -0.00868638
 -0.53781769  0.72036101  0.02980014
  0.26878011  0.46291423  0.41925449
 -0.68728943  0.89929388  0.00131573
 -0.19915409  0.22277335  0.03269883
  0.59697847  0.37273964  0.08274990
 -0.99990331  0.00531531 -0.00366162
  0.97123999 -0.98599256 -0.00000171
 -0.91814135 -0.79315418  0.00014413
  0.20681312 -0.90761943 -0.05983391
 -0.15625611 -0.28827379  0.31087232
  0.39534091 -0.27404455  0.13385205
 -0.35088990  0.35495149  0.03907706
  0.16650474 -0.51909041 -0.58701128
 -0.25026687 -0.59053077 -0.15002589
 -0.48271583  0.69462898  0.05802815
 -0.14591812  0.31396593  0.25508909
  0.06254350  0.87403808  0.12355141
 -0.33315516 -0.27817634  0.19231127
  0.49298708  0.72785894  0.05013696
 -0.95589246  0.69904785  0.00004548
  0.61525085  0.08556589  0.18517590
 -0.13243385  0.20487384  0.08214376
 -0.32978959  0.55621441  0.28065942
 -0.80656049 -0.09609005 -0.03412194
  0.52389813  0.25166647  0.18272505
 -0.99701695 -0.96565519  0.00001009
 -0.08629186 -0.55687189 -0.46238939
 -0.25715863 -0.11753567  0.16235953
 -0.87862091 -0.27191525 -0.00645907
 -0.24626185 -0.39751953  0.12610479
  0.83677836 -0.04529865  0.02815806
 -0.63921512 -0.40592472  0.00468698
  0.65859895  0.23624799  0.09178891
  0.32719908  0.23240682  0.21412724
 -0.47746655  0.74499743  0.04603195
 -0.98926375 -0.26948942 -0.00169420
  0.18394368  0.84967812  0.11966952
 -0.08399020 -0.15158355  0.32372824
  0.30992322  0.52847262  0.36272591
 -0.24071287 -0.09186207  0.15530420
  0.28760402  0.47030905  0.39313791
  0.26764313  0.56588854  0.42500766
 -0.93102596 -0.79827532  0.00011590
 -0.91651844 -0.67896315  0.00027047
  0.67000589  0.11886816  0.12053182
 -0.65595660  0.87759802  0.00241043
  0.08431866  0.66051571  0.56413769
 -0.36511246 -0.53452129  0.00378476
  0.40398762  0.03956730  0.34967943
 -0.42770742 -0.94465415 -0.00114708
 -0.69439420  0.56784522  0.00355708
  0.03750378 -0.16635427  0.13394780
 -0.78290489  0.26285535 -0.02864686
 -0.74653286  0.16128733 -0.05982615
 -0.63099925 -0.01017782 -0.16551222
 -0.32911876 -0.58630246 -0.05120496
 -0.78966896 -0.69273496  0.00131244
  0.74665910  0.44874300  0.01645798
 -0.99283165  0.62083048 -0.00003547
 -0.50875518  0.77187310  0.02880401
  0.67856130 -0.28886523  0.06144069
 -0.36950577 -0.69162738 -0.03394185
 -0.22315354 -0.38912030  0.13009257
  0.64235163 -0.44023531  0.01740699
  0.70290790 -0.60942969 -0.00257532
 -0.28999507 -0.30804884  0.24400284
  0.17126270 -0.08749841  0.05114082
 -0.92310258 -0.23996881 -0.00483416
  0.09297409 -0.86348387 -0.12000228
 -0.57354707  0.54379513  0.02334496
  0.26075874  0.61744272  0.38817494
 -0.95701998 -0.97648622  0.00001661
 -0.20240667 -0.58060865 -0.22930734
  0.17582948  0.64544379  0.48564844
  0.49815196  0.85828983  0.01644283
  0.04909107  0.07729083  0.01460267
  0.33458900  0.74252239  0.14221544
 -0.63735014  0.39821325 -0.02883548
 -0.62217959 -0.60036758  0.00917735
  0.54193190  0.05979238  0.27566273
 -0.99057073  0.91072210  0.00001021
  0.75455800  0.74461779  0.00270405
 -0.01194953  0.06220339  0.07302356
 -0.93547856  0.50031342 -0.00068662
  0.51670403  0.16712548  0.24328473
 -0.25976598 -0.01600012  0.00484874
  0.05436492 -0.10255107  0.09135898
 -0.71519819  0.30548746 -0.04118113
  0.34934058  0.49952555  0.29990905
 -0.38814829  0.60869518  0.17304790
 -0.40006640 -0.45182665  0.06928960
 -0.45903004  0.52698186  0.09091476
 -0.36284957 -0.28599110  0.15118988
  0.35096375 -0.93292355 -0.02232917
 -0.69995491 -0.15689976 -0.06783769
 -0.57421171  0.52014425  0.01863572
  0.28661227  0.67929343  0.26722144
 -0.58440847 -0.12330481 -0.14926189
  0.46423950 -0.79049656 -0.03665724
 -0.11087057 -0.01889459  0.20113943
  0.38885271  0.86161597  0.03754159
 -0.68969845 -0.89463756  0.00076540
  0.21735291 -0.51411843 -0.50223771
  0.11660439  0.35700135  0.38815922
 -0.06699046  0.31681013  0.31643292
  0.61669868  0.71287847  0.01706631
  0.42175583 -0.47333277 -0.10390373
 -0.40778552 -0.62830950 -0.01192052
  0.19875341  0.55659488  0.56363350
 -0.80846754 -0.18004710 -0.02411593
  0.26249142  0.53062673  0.45023327
  0.03121340 -0.90642129 -0.07790040
 -0.11872076  0.56253817  0.69926164
  0.98229195  0.69855801  0.00013708
 -0.88002739  0.53345040 -0.00070560
  0.44981313  0.50936582  0.16482808
 -0.59713709 -0.35232285 -0.00039520
  0.19415768  0.95422713  0.03781598
 -0.09714332 -0.00738919  0.18727718
  0.94331228  0.52600918  0.00087951
  0.95953067 -0.59433732  0.00019961
 -0.93666277 -0.68370394  0.00019715
  0.43940680  0.55456472  0.16319248
  0.28991556 -0.32387068 -0.06774179
  0.30930466 -0.90868730 -0.03751142
  0.73496956 -0.79407650 -0.00126501
  0.89393867 -0.24100450  0.00886897
 -0.73095821 -0.37424033 -0.00520136
  0.79736818  0.56158079  0.00513073
 -0.61391735 -0.65211834  0.00700680
  0.78663244  0.54152902  0.00653518
  0.58423388 -0.57288429 -0.01936657
 -0.61325465  0.29347817 -0.08839588
 -0.77742613  0.01182504 -0.05367985
  0.36984314 -0.68594486 -0.15089164
 -0.25325073  0.61674439  0.39079978
  0.81864386 -0.67862093 -0.00026373
  0.47589576  0.11139127  0.30733308
 -0.62428681  0.38002871 -0.03835031
 -0.40036737  0.26453616 -0.15153880
 -0.52843300 -0.02131380 -0.25179606
  0.51652843  0.24041484  0.19461323
 -0.50444944  0.30641584 -0.11519996
 -0.33842823 -0.76159368 -0.03846147
  0.31371241  0.89463978  0.04293099
  0.68230867 -0.70722386 -0.00443611
  0.37498557  0.32842617  0.22718528
  0.02097837 -0.13055621  0.15357252
 -0.23282347  0.68458847  0.32818505
 -0.49832996 -0.41704040  0.04554887
  0.12193770  0.25332738  0.11445340
 -0.10056109  0.72885064  0.38284063
  0.90791424  0.63305468  0.00072242
  0.44012622 -0.75591639 -0.05812814
 -0.83409154  0.67824667  0.00054406
 -0.29889760  0.81127392  0.10152722
  0.15578280 -0.89782693 -0.07664407
 -0.56869185 -0.70663087  0.00503340
 -0.16739732  0.75511658  0.27353752
 -0.81408259  0.85968988  0.00032653
  0.87167544 -0.46928413  0.00245714
 -0.92864226 -0.06706556 -0.00896642
  0.16875999  0.45348559  0.56976425
 -0.33301126 -0.87263547 -0.01595131
  0.78327500  0.65792516  0.00345206
 -0.25410083  0.53092633  0.43883213
 -0.12519808  0.03654343  0.14061588
  0.12037785 -0.50898824 -0.62901069
 -0.74338942  0.22096658 -0.05025399
  0.22713541 -0.53013739 -0.48741545
  0.71521990 -0.76939065 -0.00201365
  0.76503003 -0.22218178  0.04034711
 -0.40035512  0.50582829  0.15227428
 -0.46966100  0.05109665 -0.30175458
 -0.54153056 -0.88722890  0.00107909
  0.65556210 -0.76837177 -0.00488977
  0.08384600  0.24936793  0.11068546
 -0.99924836 -0.67276976  0.00007479
 -0.98096687  0.50600291 -0.00036615
  0.40741951 -0.28731788  0.12123002
  0.34082423 -0.81800989 -0.07510391
  0.64530998 -0.15356005  0.13515538
 -0.79682362 -0.80482129  0.00060086
 -0.78728534  0.23739775 -0.03094619
 -0.59802530 -0.15360393 -0.12017663
  0.61804431 -0.34216706  0.06151516
 -0.45330035  0.63765762  0.09399204
 -0.58706721  0.30913369 -0.08958412
  0.15202616  0.12742553  0.01550286
 -0.37064503 -0.70867236 -0.03200691
 -0.73956631  0.68533341  0.00268182
 -0.05077662 -0.53660530 -0.52217363
  0.56208410  0.36484873  0.10602453
 -0.67756287 -0.71761257  0.00316135
  0.33748566  0.31746577  0.23425227
  0.28761187 -0.62642407 -0.31798150
  0.64419693  0.22749215  0.10495519
  0.86444398  0.32283232  0.00836814
 -0.50159367 -0.90661560  0.00046579
 -0.92571893  0.43653849 -0.00161450
 -0.51316380 -0.70864737  0.00301076
 -0.91208970  0.61766091 -0.00001764
  0.68144750 -0.54096594 -0.00003476
  0.49567809 -0.43610612 -0.00958797
 -0.32349697 -0.34158764  0.18985774
 -0.86673119 -0.84569309  0.00019334
 -0.01033674 -0.24780666  0.16380164
 -0.16682670  0.23937036  0.08897582
  0.32705906  0.27101823  0.21725259
 -0.31959672  0.48951049  0.28055850
  0.39101120  0.17315409  0.27332768
  0.76548454  0.91441838  0.00046147
  0.72015833 -0.35927531  0.02787273
  0.32717597  0.81126529  0.08796799
  0.37082241  0.99824952  0.00894173
 -0.00121194 -0.45420057 -0.47051837
  0.38682067  0.99002506  0.00892101
 -0.57924479 -0.16853853 -0.11549786
 -0.67598499 -0.50055605  0.00705940
 -0.21258464 -0.31966668  0.27292264
  0.85704977 -0.09455229  0.02106140
  0.05313315  0.00230825  0.03915688
  0.62065276  0.60967640  0.02921543
 -0.76435834  0.23670046 -0.03876554
  0.54545505 -0.43032309  0.01374863
 -0.46175952 -0.06776749 -0.23015535
 -0.25749935 -0.04151867  0.04381102
 -0.12358463 -0.48954761 -0.29472410
 -0.71772471 -0.46765608  0.00305421
 -0.30303256 -0.49495607 -0.00121172
 -0.96456394 -0.09850502 -0.00521223
  0.80916339  0.31412997  0.01657206
 -0.71313524 -0.48300633  0.00389647
  0.58252943  0.45475978  0.07126281
  0.64623705  0.87260555  0.00319790
 -0.61765682  0.05388732 -0.18362579
 -0.43878008 -0.18322515 -0.06020130
 -0.52029418 -0.28488884 -0.00951566
 -0.67135802 -0.99494061  0.00034392
 -0.18668395 -0.44076466 -0.04609209
 -0.64544896  0.17131595 -0.12803637
  0.44303638  0.44252183  0.18204660
  0.01717224 -0.34814834 -0.15488016
 -0.09032421 -0.40623880 -0.13364266
  0.36605371  0.84945629  0.04916071
 -0.41650869 -0.04801153 -0.22721166
 -0.21691132 -0.36220823  0.18839419
 -0.19962835  0.75518508  0.24548273
  0.90632075 -0.99123312 -0.00000784
  0.20285628  0.57115523  0.54501444
  0.27701325 -0.76597042 -0.16165634
  0.42102553 -0.80450052 -0.04742173
  0.16953122  0.69512954  0.39373281
 -0.53854926 -0.60802417  0.01213437
 -0.92434368  0.65509340  0.00005228
 -0.94347665 -0.26552278 -0.00316342
 -0.65037707  0.00814602 -0.14941570
 -0.00802760  0.72976287  0.41652333
  0.14227917 -0.65796884 -0.47581843
  0.81670600  0.32727545  0.01428997
  0.00537798  0.64416994  0.64324236
 -0.42460632  0.76193019  0.06419330
  0.06287628 -0.81481271 -0.19043711
 -0.03291147 -0.35640570 -0.08301196
  0.08616129  0.91340775  0.07920555
 -0.26495164 -0.94707863 -0.01345829
  0.47902108 -0.35023006  0.06607073
  0.33057307 -0.00430741  0.28992635
  0.71537035  0.49726393  0.01819076
 -0.20416836  0.02822871  0.06360519
  0.16751266  0.01648757  0.03615531
  0.46774162  0.45718013  0.15608569
 -0.61174053 -0.09021464 -0.15283902
  0.03723261 -0.70182848 -0.41686777
  0.56387988 -0.66913404 -0.02558637
 -0.00955208 -0.48164994 -0.52079564
  0.24351747 -0.08577645  0.13898211
 -0.48908842  0.06880125 -0.29508220
 -0.81675701  0.12306597 -0.03282343
  0.70439975  0.45498121  0.02455418
  0.07739502  0.34323415  0.36896171
  0.72136503  0.10385543  0.08212589
  0.82136623  0.11349902  0.02998112
  0.71667565 -0.09447439  0.08854551
 -0.67876819 -0.52556981  0.00701075
  0.22348675 -0.13255659  0.09840684
  0.21431063 -0.52668833 -0.51116877
  0.86704987  0.40681791  0.00514758
  0.35127052 -0.21272837  0.18704023
  0.29500747 -0.10148970  0.21413494
  0.97994359 -0.81277037 -0.00000318
 -0.06325190  0.38736446  0.53686819
  0.88363640  0.26302332  0.00879131
  0.23423197  0.28705780  0.19734504
 -0.69693453 -0.51066355  0.00557349
  0.10028458 -0.51738476 -0.64423004
  0.00812768  0.60250368  0.73443938
  0.32703008 -0.92645327 -0.02785206
 -0.58394046 -0.19375370 -0.09371278
  0.83647645  0.21598277  0.01873622
 -0.56340005 -0.30216900 -0.01433897
 -0.46416124 -0.22922814 -0.02461266
  0.75655023  0.11004955  0.05886244
 -0.35018387  0.29707148 -0.06134518
  0.22080724 -0.82207474 -0.13151118
 -0.26638903  0.87990485  0.06350693
  0.84562703 -0.47828542  0.00293230
 -0.47085342  0.56066159  0.08626868
 -0.19618442  0.77291183  0.21878629
 -0.09562587 -0.00602295  0.18551540
 -0.25407627 -0.23658092  0.30093806
 -0.08382870  0.43556989  0.65300603
  0.45990254 -0.32773587  0.08754973
 -0.07140411 -0.24458857  0.28287616
 -0.87210035  0.96540391  0.00004461
  0.19258636 -0.09972633  0.06996867
  0.94402118  0.37730879  0.00219426
 -0.02403326 -0.28530708  0.11626900
 -0.13702411 -0.58761046 -0.36144406
  0.08969982  0.91500418  0.07739410
 -0.62598966  0.54040959  0.00947432
  0.67476100  0.81662748  0.00395091
  0.26132614  0.18718890  0.14994197
  0.54520529 -0.45386270  0.00051003
 -0.98352477 -0.46316239 -0.00016868
  0.06770928 -0.54971774 -0.65393011
  0.82498202 -0.77452292 -0.00027708
 -0.46731591 -0.04040786 -0.25761502
  0.32186865  0.67189418  0.23001682
  0.26942546  0.61368123  0.37756116
  0.14484067 -0.01657739  0.02393120
  0.60302733 -0.11789720  0.19061903
 -0.90226055  0.97492058  0.00002434
  0.49849896  0.15728954  0.26326545
 -0.33166682  0.18670399 -0.18391342
  0.80328858  0.68589028  0.00219541
  0.73683227 -0.79272560 -0.00123835
  0.57462122 -0.18807821  0.18250221
 -0.38606631 -0.94695935 -0.00291213
  0.42091175  0.68725514  0.11288289
 -0.90022439 -0.50873719  0.00012144
  0.90031363 -0.77983923 -0.00004714
  0.91594998 -0.30922793  0.00481762
  0.76089639 -0.44794099  0.00872176
  0.42889707 -0.90056851 -0.01808365
 -0.78549288  0.71798151  0.00121342
 -0.15144106  0.12505137  0.05959195
  0.46544919  0.92176596  0.01115437
 -0.88173003 -0.76086782  0.00029225
 -0.73839970  0.60544103  0.00227700
 -0.67965829  0.05106051 -0.12292960
  0.41718431  0.98079240  0.00806550
  0.22087034 -0.41683541 -0.37107025
  0.10176033  0.08142118 -0.00490474
  0.80103254 -0.85814271 -0.00025579
  0.96750321  0.81138801  0.00006408
  0.87798521  0.34372080  0.00635058
  0.45310704 -0.81326035 -0.03372550
 -0.72905320  0.62128616  0.00298737
  0.69058519 -0.79405628 -0.00250453
  0.51179332 -0.35765249  0.06467396
 -0.52352487  0.67919986  0.04178757
 -0.15711181  0.31991754  0.25739093
 -0.92844260  0.48160613 -0.00094775
  0.99513317 -0.23170545  0.00229241
  0.05851328  0.56832850  0.76147480
 -0.67559840  0.80283903  0.00360214
 -0.37942393  0.35861863  0.01147521
 -0.08162924  0.32836818  0.34467172
  0.36579663 -0.51534263 -0.21180192
  0.08745993 -0.67154074 -0.48130066
  0.81317732  0.14544404  0.03042268
  0.69056158  0.95140438  0.00078436
  0.59273537  0.10824807  0.20214314
  0.74621257 -0.46489396  0.00785566
  0.88213001  0.98052680  0.00003781
  0.83474077 -0.92559586 -0.00007234
  0.17196061 -0.15798605  0.04442613
 -0.90894104  0.85042862  0.00007515
  0.50269215 -0.87920282 -0.01164993
  0.44426807 -0.42733599 -0.03939295
  0.92894714 -0.70133824  0.00001793
  0.19440685 -0.06966261  0.07264615
 -0.17732724  0.76097793  0.25443068
 -0.55022362  0.08592463 -0.24761997
  0.89520493  0.30668133  0.00617995
 -0.93180583 -0.22228881 -0.00483352
  0.74783885 -0.22337599  0.04724984
  0.49381384  0.48221203  0.12766759
 -0.54044411  0.84760407  0.01145844
 -0.65591891  0.66050544  0.00932070
 -0.17831098  0.54067367  0.60341716
 -0.31995623  0.78267048  0.11331995
  0.71085286 -0.73619386 -0.00254368
  0.36473234 -0.70084095 -0.14504590
 -0.17926408  0.09989537  0.04230934
  0.10360532  0.54599631  0.72950499
  0.48150018  0.81535075  0.02824794
 -0.07256944 -0.19839369  0.31969133
  0.88780219 -0.80877043 -0.00006133
  0.11749512 -0.36520937 -0.31842294
  0.88954130  0.23780392  0.00909156
 -0.07122830  0.75806307  0.32981662
  0.46537041  0.17843086  0.26635202
 -0.79871129 -0.95624344  0.00015912
 -0.83140605 -0.08969445 -0.02681838
 -0.62336273 -0.84974842  0.00157486
 -0.34186658 -0.54542604 -0.01809603
 -0.32565795  0.10489475 -0.20597562
  0.93662269 -0.54554063  0.00049676
 -0.19970867  0.98154291  0.02650327
 -0.07596299  0.96906090  0.04210240
 -0.00311936  0.97600782  0.04068813
  0.07619880 -0.73420701 -0.34501590
 -0.32159360  0.45801663  0.24680497
 -0.16871224  0.84944286  0.12574125
 -0.85941671 -0.24120887 -0.00994653
  0.13031804  0.51318357  0.69199670
  0.46733112 -0.23751021  0.19939495
  0.80931283 -0.61395868  0.00014662
  0.78069619 -0.48364861  0.00483327
 -0.17268574 -0.99344132 -0.01449492
  0.09167267 -0.30998586 -0.14220814
  0.29117605  0.86437096  0.06595236
  0.17541657 -0.47879398 -0.54322155
  0.79989171 -0.96550753 -0.00008576
 -0.54415773  0.43371639 -0.00715735
 -0.80074429  0.43403504 -0.00631671
 -0.52083889 -0.17432218 -0.11639357
 -0.42112026 -0.69676348 -0.01243300
 -0.38039672  0.26687860 -0.13565116
 -0.95481520  0.24831960 -0.00409486
 -0.59962236 -0.20588719 -0.08123362
 -0.06833887  0.59671509  0.71593272
 -0.55799129 -0.23522809 -0.06059527
  0.81357487 -0.75224785 -0.00037464
 -0.90988537  0.37920759 -0.00328166
 -0.40375812  0.99312066  0.00750351
 -0.63213693  0.11029349 -0.15985056
  0.18259693 -0.00192639  0.05448210
 -0.07488062 -0.69446177 -0.35381752
 -0.48288235  0.44476087  0.02692297
  0.99269483  0.11062062  0.00328182
  0.28735763  0.36161343  0.28863399
  0.90561923 -0.26720192  0.00681162
 -0.06155642 -0.74292058 -0.28000894
 -0.84038660  0.08801625 -0.02689304
  0.34461392  0.68701390  0.18696392
  0.19664950 -0.87519776 -0.08675048
  0.47529123 -0.69282910 -0.06076488
 -0.82978526 -0.90198602  0.00018735
 -0.83919361 -0.57341900  0.00093546
 -0.22292345 -0.42403524  0.04690331
 -0.70057732  0.26763401 -0.05787005
 -0.77261816  0.46896286 -0.00491896
  0.78004481 -0.11417940  0.04739829
 -0.18382722 -0.17229300  0.34771713
  0.75740378  0.05443250  0.06357741
 -0.74451241 -0.57692775  0.00322951
 -0.66350482 -0.29055179 -0.02675429
 -0.27088263  0.10335351 -0.11193565
 -0.73731626  0.42077545 -0.01235732
 -0.29002438  0.29416042  0.01006637
 -0.14943396  0.51467003  0.66014096
 -0.51407163 -0.62311161  0.00994558
 -0.69452816  0.98242762  0.00046818
  0.94943833  0.84420240  0.00006222
 -0.09739462 -0.59639779 -0.43824579
 -0.24886568  0.48633263  0.42986471
  0.80220156  0.72090659  0.00172605
  0.94657796 -0.69698972  0.00002711
 -0.75368457 -0.61239150  0.00269967
 -0.48474182  0.45635419  0.03413335
 -0.55326754  0.19408437 -0.19348751
 -0.65182288  0.15044264 -0.12987760
 -0.08203444  0.76587595  0.30727111
 -0.98699602 -0.26517768 -0.00179969
 -0.67452616 -0.84741670  0.00125178
  0.80230125 -0.14421676  0.03530441
  0.09295330 -0.82592530 -0.17014032
  0.17779149 -0.18422933  0.03428932
  0.22515588 -0.91930665 -0.04932338
 -0.90406388 -0.08515507 -0.01176252
  0.63905431  0.39770397  0.05546785
  0.09988956 -0.59814859 -0.60942802
  0.27597447 -0.90934098 -0.04427125
  0.44149133 -0.15139108  0.29103083
  0.03158212  0.82256147  0.20549292
  0.49926754  0.92414977  0.00812571
  0.51475007 -0.12382394  0.27561942
 -0.08900565  0.02316570  0.15534169
 -0.53277981 -0.12062662 -0.17269926
 -0.71156442  0.04677648 -0.09629189
 -0.19240953 -0.89007271 -0.04509507
 -0.27135565 -0.80284805 -0.05705637
  0.21993770 -0.55319833 -0.49773835
  0.16133283 -0.33897971 -0.23938868
  0.49298944  0.56321352  0.10793926
 -0.76173095 -0.13802252 -0.04521455
 -0.70931135 -0.80098237  0.00140240
  0.02735090 -0.62989095 -0.56024105
  0.45055481 -0.92278233 -0.01185579
 -0.64950628  0.69726829  0.00916291
  0.65981767 -0.59207682 -0.00561531
 -0.02494475  0.07087164  0.07991139
 -0.60899529  0.82837353  0.00654045
 -0.43445351  0.90209681  0.01725673
  0.36633666  0.23582019  0.23257213
  0.09746368  0.55590819  0.73163482
 -0.53361388 -0.76684760  0.00225929
 -0.29314367 -0.80075987 -0.04745456
 -0.23832611  0.95598604  0.03112380
  0.22822215  0.15184499  0.10420638
 -0.10057497 -0.10845184  0.30000447
 -0.18511541  0.79717248  0.18837088
 -0.16731690  0.36031163  0.34910111
 -0.92808823 -0.64385746  0.00024857
 -0.81218237 -0.74960761  0.00073857
 -0.62294206 -0.06911845 -0.15427103
 -0.65645319  0.04210749 -0.14489842
  0.35058235  0.73777944  0.13335068
  0.51387387  0.96846350  0.00421555
 -0.56031995 -0.65400288  0.00794969
  0.84545594  0.79787452  0.00049290
 -0.24560512 -0.72560288 -0.11846589
 -0.71549253 -0.98645639  0.00026521
  0.61585945  0.64961107  0.02513021
  0.82991235 -0.30211457  0.01414073
 -0.08672499  0.29122927  0.24106365
  0.34700835  0.95181444  0.01856778
  0.22671733  0.85549971  0.09678768
  0.85634382  0.99543559  0.00004628
 -0.46341276  0.89228828  0.01508187
 -0.77574470  0.73992870  0.00130366
 -0.78097758  0.79659690  0.00087799
  0.27038629  0.20198760  0.16212883
 -0.06315653  0.02780998  0.13923646
  0.08954618  0.38049458  0.48095200
  0.12605895 -0.59225469 -0.59917024
 -0.24964631  0.26171174  0.01337754
  0.03032304 -0.74239628 -0.32666603
  0.65962024  0.67888193  0.01334298
 -0.35304703 -0.68321928 -0.04408512
  0.71435561 -0.36510372  0.02784077
 -0.46072971  0.72121259  0.06153734
  0.60243998 -0.47506048  0.00453343
  0.79770624 -0.74822152 -0.00052115
  0.71306133  0.64944460  0.00865685
 -0.09225421 -0.74381163 -0.25300325
 -0.83560258 -0.65166469  0.00090107
  0.45490960 -0.02605396  0.35269944
  0.01384953  0.83988631  0.17728876
 -0.56906648 -0.72829707  0.00417967
 -0.11620963 -0.55583278 -0.39826702
 -0.52786102 -0.44920517  0.03337641
 -0.72376239 -0.64723960  0.00321998
 -0.25536092  0.97345844  0.02331698
  0.71770214  0.46798246  0.02028350
  0.17954924 -0.52232980 -0.56915372
 -0.51514060 -0.96215206  0.00057141
  0.63252267  0.42585002  0.05264916
  0.54971016 -0.40850118  0.02832576
  0.59664383  0.01722993  0.22024130
 -0.76419353  0.75233995  0.00146486
 -0.58911953 -0.41610039  0.01521965
 -0.41831298  0.75088813  0.07268869
 -0.67802600  0.44561945 -0.01172190
  0.61113109  0.48366462  0.05167960
  0.58417079  0.39564282  0.08378139
  0.55680133 -0.26962953  0.13502179
  0.81934484  0.10631436  0.03110408
  0.71286442  0.91502152  0.00091037
  0.61019412 -0.16407732  0.16346655
  0.20586282  0.04612171  0.08090448
  0.21659504 -0.64878952 -0.40253071
  0.03610907 -0.00634839  0.06015457
  0.69242565  0.14561272  0.09516615
 -0.64790753 -0.74060785  0.00323017
  0.31450477 -0.57376343 -0.30654922
 -0.10916337  0.49037784  0.71258954
  0.33101992 -0.40120876 -0.15305606
  0.54511051 -0.28920983  0.12364946
 -0.81976011  0.45435853 -0.00415230
  0.43303689 -0.83786686 -0.03231723
  0.47301859 -0.83250851 -0.02393511
  0.78338124  0.77617788  0.00142842
  0.13867883  0.69408648  0.43083488
 -0.74675122 -0.59057759  0.00307733
 -0.90106084  0.38476312 -0.00349407
 -0.41342797  0.49569915  0.12925195
  0.06947791 -0.34415397 -0.22049372
  0.84204403  0.65693076  0.00157903
  0.04598095 -0.75464213 -0.30276818
 -0.81531990  0.34592129 -0.01237879
  0.42086209  0.96173615  0.00993387
  0.92469801 -0.19586466  0.00703585
 -0.62616998 -0.22129171 -0.06528383
  0.77023835  0.19044010  0.04153742
  0.25639165  0.92132309  0.04302527
 -0.52047586 -0.36394567  0.02927917
 -0.42759156  0.83602386  0.03477613
  0.61709315  0.95492925  0.00176205
 -0.65380215  0.61037571  0.00958373
 -0.27120057  0.12375299 -0.11615098
 -0.42317779  0.43735933  0.07072141
 -0.34296218  0.35397752  0.04778335
  0.66709055 -0.91499750 -0.00118179
  0.92833421 -0.73560560 -0.00000743
 -0.72627277  0.30486001 -0.03775924
 -0.33976005  0.95526978  0.01845433
  0.32668225  0.83127360  0.07406040
 -0.71165338 -0.79191205  0.00147210
  0.87935853  0.46905234  0.00306343
 -0.95348052 -0.78385337  0.00009196
 -0.78530935 -0.43636535 -0.00054071
  0.72556007 -0.78048952 -0.00160190
  0.14817831  0.84390619  0.14046807
  0.95674283  0.80880283  0.00007860
 -0.89865591 -0.17508736 -0.00924966
 -0.37670415 -0.15354571 -0.02197125
  0.82959885 -0.43068416  0.00559820
  0.14990121  0.61308787  0.58365409
  0.43725642  0.80228877  0.04515166
 -0.88921790  0.72019668  0.00019898
 -0.98448908  0.43577959 -0.00075843
  0.42180199 -0.64892568 -0.11759985
  0.73931046 -0.68687563 -0.00173588
  0.82392712 -0.53238328  0.00174083
  0.37211860  0.27979701  0.22512588
 -0.68481134 -0.42062816  0.00190948
 -0.60295598  0.86362483  0.00510519
  0.08146899  0.90512705  0.08727866
 -0.56507303  0.29006577 -0.11276315
  0.57244886 -0.19948378  0.17691165
  0.67359076 -0.67390040 -0.00547758
 -0.59337385 -0.31204079 -0.01554706
 -0.50173992 -0.30859721  0.01646313
  0.97276059  0.24790151  0.00283086
  0.19252894  0.15458392  0.05924240
 -0.19393196  0.09089244  0.02762153
  0.55485057 -0.05919302  0.26380496
 -0.82322510  0.86780866  0.00026408
 -0.91280305  0.29739268 -0.00551921
  0.46604566 -0.81355238 -0.02999362
  0.57109434  0.84964829  0.00899192
  0.12850069 -0.09150552  0.03606685
  0.58707116 -0.43244238  0.01914859
  0.98420369  0.97195856  0.00000784
  0.07235911  0.78879693  0.26167689
 -0.52889745 -0.04298741 -0.23912417
  0.81513448  0.32748905  0.01452713
 -0.12849141  0.70797716  0.40925539
 -0.20792942 -0.06278985  0.17216293
 -0.10000169 -0.35203161  0.07151336
  0.74163884  0.76659045  0.00267710
 -0.31397905  0.90784170  0.03688105
 -0.38054346  0.86302769  0.03830944
 -0.67620426  0.90587878  0.00141290
  0.75703778  0.01434110  0.06560335
 -0.96351113  0.55630956 -0.00021101
 -0.28108553  0.69709836  0.24462186
 -0.13387591  0.21156380  0.08651177
 -0.24484002  0.44282002  0.38514635
 -0.36765364  0.89870296  0.02915433
  0.69949172  0.55119582  0.01683225
 -0.40096686  0.74539806  0.08601467
 -0.24983441  0.59683916  0.41788891
  0.63357486  0.99802592  0.00085239
 -0.90982245 -0.52639467  0.00017448
 -0.13818826  0.69447997  0.43049669
 -0.22712952 -0.75438618 -0.11534539
  0.83052371 -0.63534469  0.00004905
  0.18155373  0.62470065  0.51368438
 -0.47767770  0.97161675  0.00543674
 -0.11748625 -0.54947852 -0.39164887
 -0.63056292  0.39648066 -0.03028093
  0.75039092  0.53792884  0.01020243
 -0.47713057  0.97141175  0.00547639
 -0.91163201 -0.31170733 -0.00318867
  0.34636980 -0.88653167 -0.03802667
 -0.89085851  0.12973057 -0.01388421
  0.30189285 -0.52594440 -0.33588287
  0.25383274  0.06007670  0.15783508
  0.02856762  0.40325530  0.59098682
 -0.25261868  0.22806615 -0.03624293
 -0.38542616 -0.81420607 -0.01379566
  0.32584291 -0.94284959 -0.02324656
 -0.23091034 -0.85589618 -0.04927131
 -0.41616311 -0.57368086  0.00536419
  0.44399479  0.41005005  0.18353233
  0.43023984 -0.27755471  0.14553590
  0.09293996 -0.28433598 -0.07893561
  0.88191282 -0.11041693  0.01517212
 -0.77836212  0.73024353  0.00130222
 -0.92889002 -0.55347269  0.00018514
 -0.72407427 -0.39484975 -0.00268326
 -0.49161644  0.46236767  0.03366667
  0.27537178  0.95049022  0.02809742
 -0.33783596 -0.15861799  0.05796730
 -0.03914894  0.81966848  0.20979285
  0.14424936 -0.15032831  0.03937445
 -0.09116430  0.90241567  0.08854643
  0.16589177 -0.21712940  0.00224246
  0.11615557  0.97310821  0.03735527
  0.56724608 -0.82355511 -0.00985528
 -0.24300468  0.53900923  0.46344465
 -0.60118491 -0.29384833 -0.02546661
 -0.56464300 -0.99338970  0.00055652
 -0.61674978 -0.09952293 -0.14414322
  0.36365784 -0.06386704  0.31664688
 -0.74324863  0.60736858  0.00210843
 -0.84805406 -0.75384381  0.00046971
  0.74211479  0.37087928  0.02512400
  0.02381509  0.23299824  0.10121384
  0.66509400 -0.97886369 -0.00057721
  0.04401364 -0.23228249  0.08296415
 -0.88248887  0.42860904 -0.00291339
  0.55623123  0.43329947  0.09150152
 -0.76029924 -0.35274085 -0.00727148
  0.73236749  0.35033730  0.03043053
 -0.52136834 -0.94305072  0.00066423
 -0.47228709  0.49711517  0.06741916
 -0.13836340  0.90036618  0.08208096
 -0.83103195 -0.96714307  0.00009867
  0.22921984 -0.57296768 -0.47033428
  0.50732064  0.42410656  0.12813853
 -0.18694095 -0.51413785 -0.19975951
  0.05862336  0.58474555  0.74060797
  0.54308464 -0.25409593  0.15506499
 -0.12799706  0.97337017  0.03628271
  0.79238472  0.47093063  0.00888162
 -0.55857751 -0.86172733  0.00142440
 -0.82282082 -0.47513919  0.00024616
 -0.69708469 -0.27172062 -0.02923810
  0.36208805 -0.79574300 -0.07861083
  0.77415630 -0.06551627  0.05398831
  0.06975593 -0.83776346 -0.15523736
 -0.72289232 -0.93583350  0.00040747
 -0.45316025  0.52123359  0.09492212
  0.87746095 -0.96936742 -0.00001903
 -0.87141101  0.33458296 -0.00723806
  0.12558471 -0.52697011 -0.63365097
  0.78535211 -0.07678261  0.04761298
  0.21036756 -0.37099732 -0.28154136
 -0.73025773  0.85624536  0.00113077
  0.91582223  0.97854292  0.00002270
 -0.55465248 -0.26407928 -0.03713581
  0.42633663 -0.94146794 -0.01172878
  0.19280755 -0.30469054 -0.13719511
 -0.11000959 -0.70779425 -0.29150319
 -0.64659385  0.16578295 -0.12911994
 -0.16177536 -0.39477061  0.04306228
 -0.09005765 -0.19222090  0.34244176
  0.78456751 -0.15881930  0.04089561
  0.48187320 -0.46506328 -0.03882446
 -0.51150513 -0.66927938  0.00525071
  0.21433217  0.23014381  0.12083222
  0.85501988  0.91644367  0.00012559
  0.60361652  0.22530997  0.13677908
  0.77680885  0.03776057  0.05337564
 -0.07333817 -0.50759565 -0.44249714
  0.51596597  0.18972527  0.22852846
 -0.99025449  0.30639597 -0.00185327
  0.91066234 -0.00252560  0.01157288
  0.20920217  0.42700675  0.46645202
 -0.87404646 -0.63512021  0.00056065
  0.75603593  0.57127810  0.00804079
  0.87741070 -0.39957746  0.00429841
  0.71441301  0.63545234  0.00924294
  0.66082277 -0.12909887  0.12876367
  0.08116897  0.82719427  0.18758833
  0.19544558 -0.98625787 -0.02457433
 -0.45532298 -0.72506645 -0.00446724
  0.41739904 -0.91698593 -0.01660501
 -0.12651166  0.36071362  0.40351525
  0.10348283 -0.64411959 -0.53121774
 -0.82890935 -0.62645604  0.00105285
 -0.26247122  0.86217941  0.07715375
  0.39327692 -0.66731437 -0.13803461
  0.54700144 -0.17359534  0.21574394
  0.41722682 -0.33572508  0.05492694
  0.10211667  0.99293638  0.02990581
  0.33436422  0.77790057  0.11041732
 -0.28348426 -0.13196993  0.12951904
  0.46609845  0.98905778  0.00493853
 -0.04670958 -0.33688306  0.01324603
  0.21068900  0.54631557  0.54606255
 -0.22870592 -0.59227339 -0.18551103
 -0.22665191 -0.86993679 -0.04420211
 -0.13536163  0.37946812  0.44573663
  0.01312491  0.43383418  0.68319496
 -0.39756671  0.41201693  0.07004207
  0.83041400  0.41159613  0.00783822
 -0.73375310  0.33093267 -0.02966150
 -0.24887011  0.00488374  0.00315708
 -0.20198262  0.92087031  0.05397741
 -0.76865271  0.12243826 -0.05336228
 -0.06554862 -0.68212617 -0.38567682
  0.05039552 -0.36052033 -0.25007317
  0.56268481 -0.87413219 -0.00654363
  0.24468677  0.27410759  0.18496848
 -0.83778955  0.69262879  0.00051778
  0.72387199  0.51744754  0.01514107
  0.87546842  0.29523614  0.00838079
  0.99205364  0.47243135  0.00060158
 -0.88504191 -0.98130948  0.00004333
  0.66182628 -0.32998404  0.05284345
 -0.46205680 -0.78339857 -0.00301897
 -0.63667262 -0.23239091 -0.05671715
  0.67420741  0.52340380  0.02474979
  0.97448998  0.42200100  0.00108246
 -0.31031498  0.07518389 -0.17453001
  0.48836512  0.85878545  0.01782013
 -0.74320001 -0.55802595  0.00332497
 -0.34397615 -0.32372983  0.17791680
  0.73460994  0.35143413  0.02963732
 -0.96603307  0.03487851 -0.00588589
  0.02459106 -0.20792182  0.14173557
  0.84141948  0.98351365  0.00006771
  0.10939201  0.14160277 -0.00113844
 -0.53574005  0.59641440  0.04373227
 -0.52431729  0.14662146 -0.24590589
  0.23886350 -0.09254367  0.13048120
  0.50882554  0.13174009  0.27248987
  0.55573045  0.46838628  0.08428584
  0.93081419  0.52600103  0.00105593
  0.13372059  0.19938994  0.04010650
  0.18255814  0.92329631  0.05625363
 -0.11676599  0.38496103  0.48400975
 -0.52828524  0.54122602  0.04275291
 -0.67999849 -0.84269037  0.00125499
 -0.37868883 -0.35150974  0.13458930
 -0.64619983 -0.50797522  0.00999736
  0.98367758  0.22260890  0.00268061
 -0.03399195 -0.51146881 -0.52787552
  0.94782279  0.43083155  0.00151011
  0.39678043 -0.65032147 -0.14348435
 -0.05922322  0.61017909  0.69866093
 -0.78058129  0.59002286  0.00067201
  0.73605585 -0.80530208 -0.00115247
 -0.86831039 -0.87943465  0.00014302
 -0.08993934  0.75884328  0.31921814
 -0.30429498 -0.12662732  0.07564803
 -0.73760087  0.30679781 -0.03387608
  0.07498174  0.45822602  0.69988032
 -0.73574653  0.78840000  0.00178619
 -0.08410605 -0.79874564 -0.17496428
 -0.19792494  0.73655341  0.27987983
  0.91489352 -0.95720980 -0.00000986
  0.88991835  0.84381852  0.00016197
  0.22192317 -0.01966166  0.11040332
 -0.11049840 -0.20636265  0.36032938
 -0.69617686  0.74033851  0.00409538
 -0.02865161  0.71979464  0.43993294
  0.45642925  0.08513545  0.33086310
  0.26151525 -0.46184737 -0.37251459
  0.18362401  0.73261019  0.30254396
  0.85108980  0.90223914  0.00015665
 -0.86659104  0.89227594  0.00010600
 -0.00673339 -0.86394523 -0.11664191
 -0.69271658 -0.40785377 -0.00000407
 -0.66250212  0.47038923 -0.00644287
  0.75939413  0.70284678  0.00346571
  0.34405870  0.59699243  0.26930142
 -0.79903951  0.04533703 -0.04330117
 -0.88262349  0.62729214  0.00008242
 -0.30862934  0.65784816  0.25260613
  0.44992670 -0.32541245  0.08709649
 -0.57707203 -0.32031975 -0.00846222
 -0.08141641  0.05749459  0.12387023
 -0.19758835  0.50384441  0.55692678
 -0.94612218 -0.25070110 -0.00338637
 -0.62663747 -0.25603616 -0.04543146
 -0.33830449 -0.96297623 -0.00486455
  0.37046140  0.34467589  0.23272401
  0.66607267 -0.12722368  0.12448399
  0.27148276  0.33023024  0.25671824
 -0.28845487 -0.36293022  0.18999881
  0.37954618 -0.94737205 -0.01558386
  0.87984183  0.25308597  0.00962596
 -0.72979719  0.87702562  0.00093912
 -0.06428386  0.86640899  0.13305639
  0.94649373 -0.43127675  0.00139816
  0.07761751 -0.97484911 -0.03499419
 -0.68569785 -0.29670641 -0.02292599
  0.54625347 -0.35959827  0.06390535
  0.10695643 -0.23975542 -0.00837572
  0.50041934  0.97014677  0.00466222
 -0.10576652 -0.85074514 -0.10287311
 -0.79912385 -0.32754891 -0.00802676
 -0.41558244  0.83395004  0.03887668
  0.00952445  0.15844780  0.03765974
 -0.89663209 -0.46646623 -0.00023094
  0.56575364  0.07605534  0.24410097
  0.87952450  0.07521932  0.01623031
 -0.17410179  0.92817869  0.05466852
  0.19824851  0.88253176  0.08253362
  0.52201436 -0.77825954 -0.02293148
 -0.42973486 -0.57480640  0.00875699
 -0.17046705  0.00334235  0.13974319
  0.68240726  0.55921246  0.01946334
  0.16730853  0.03796498  0.03329352
 -0.40183935  0.38030314  0.02165365
  0.25581812  0.55282337  0.45534220
  0.73598764 -0.94710724 -0.00030365
  0.23103286 -0.60341625 -0.44028511
  0.72952777  0.85639907  0.00137850
  0.69451033 -0.92238749 -0.00074353
  0.05443972 -0.27235434 -0.00267346
 -0.85974441 -0.50348488  0.00031131
 -0.88187118 -0.53731453  0.00037662
  0.87087963  0.61343247  0.00141045
 -0.92386323  0.93629112  0.00002608
  0.86009373 -0.90815475 -0.00005321
 -0.34095973  0.43304171  0.18016600
 -0.93708412 -0.51431403  0.00004427
 -0.38692863  0.66799784  0.14463754
  0.04365732 -0.76902932 -0.27334270
 -0.72139513 -0.19091772 -0.04808590
 -0.68137262  0.88890635  0.00157499
 -0.74032094 -0.54444307  0.00342581
 -0.94650767  0.78157830  0.00005802
  0.44180029 -0.59190437 -0.11196918
 -0.31882785  0.19257976 -0.16335998
  0.22497088 -0.86850505 -0.08412401
 -0.64685328 -0.65310095  0.00579939
  0.71294940  0.15907693  0.07747185
 -0.59633834  0.35085613 -0.05933986
 -0.80106270 -0.99177564  0.00010774
  0.12340339 -0.28705881 -0.10705988
 -0.13604350 -0.45185398 -0.17503274
  0.01161334 -0.47408053 -0.53777017
 -0.98835171  0.85001934  0.00001772
 -0.01101426 -0.55787494 -0.59404665
  0.77010537 -0.75933079 -0.00084268
  0.06398538 -0.65934757 -0.51158179
  0.93117624  0.89025174  0.00005120
 -0.01667338 -0.66548234 -0.46557523
  0.42177644  0.51354130  0.19635332
 -0.04025734  0.67301644  0.56116666
  0.67415991  0.14065072  0.11106070
  0.56616877 -0.04850496  0.25331376
  0.55532813  0.79199058  0.01762223
  0.91284141 -0.73739656 -0.00002135
  0.25282902  0.49917546  0.46672394
 -0.61824224 -0.11248670 -0.13585763
 -0.41600455 -0.12795721 -0.11807457
  0.35989295 -0.49400947 -0.21125728
  0.74428356  0.07240660  0.07038575
  0.82477499 -0.06817071  0.03158401
 -0.25372998  0.38697784  0.26162420
  0.51383295  0.81690489  0.02100319
 -0.87539832  0.56691392 -0.00031674
 -0.66426005  0.66569844  0.00824763
