    0.6000,    0.0366,   -0.0897,    0.1545,    0.0351,   -0.0577,   -0.3413,   -0.5127,   -0.0714,    0.2667,   -0.6250,   -0.2895,    0.1020,   -0.4706,   -0.3333,    0.2950,
    0.6000,    0.0366,   -0.1172,    0.1545,    0.0702,   -0.0577,    0.0365,   -0.2386,   -0.0714,    0.2667,   -0.8750,   -0.1184,    0.1020,   -0.8235,   -0.7778,    0.4119,
    0.2000,   -0.0262,    0.3241,    0.6780,    0.9474,    0.2115,    0.0520,   -0.2386,   -0.0714,    0.2667,   -0.8125,   -0.1842,    0.1020,   -0.7647,   -0.6111,    0.4206,
    0.2000,   -0.0262,    0.3241,    0.6780,    0.9474,    0.2500,    0.2397,   -0.2893,   -0.1571,    0.2667,   -0.8375,    0.2105,    0.1020,   -0.8824,   -0.8889,    0.6265,
    0.6000,    0.3298,    0.0069,    0.1610,   -0.2105,   -0.0577,   -0.2964,   -0.5228,    0.3714,   -0.3048,   -0.7750,   -0.3026,    0.3469,   -0.5294,   -0.3889,    0.3778,
   -0.2000,    0.3298,    0.0069,    0.1610,   -0.2105,   -0.0577,   -0.2964,   -0.5228,    0.3714,   -0.3048,   -0.7750,   -0.3026,    0.3469,   -0.5294,   -0.3889,    0.3944,
   -0.2000,    0.2880,    0.0069,    0.1610,   -0.2105,   -0.0577,   -0.0520,    0.0457,    0.1000,    0.0667,   -0.7500,   -0.0395,   -0.9184,   -0.6471,   -0.4444,    0.5295,
   -0.2000,    0.2880,    0.0069,    0.1610,   -0.2105,   -0.0577,   -0.0093,    0.0457,    0.1000,    0.0667,   -0.7500,   -0.0395,   -0.9184,   -0.6471,   -0.4444,    0.5340,
    0.6000,   -0.4136,   -0.8759,   -1.0000,   -1.0000,   -0.2692,   -1.0000,   -1.0000,   -0.4714,   -0.0857,   -0.6875,   -1.0000,   -0.2245,    0.8824,    0.9444,    0.0011,
    0.2000,   -0.6545,   -0.4552,   -0.5187,   -0.4211,   -0.5000,   -0.7005,   -0.7056,   -0.3000,   -0.0095,   -0.6750,   -0.7105,    0.0204,    0.3529,    0.3889,    0.0393,
   -0.2000,   -0.8325,   -0.4552,   -0.4244,   -0.4211,   -0.5000,   -0.6734,   -0.7056,   -0.3000,   -0.0095,   -0.6750,   -0.7105,    0.0204,    0.3529,    0.3889,    0.0487,
    0.2000,   -0.4450,   -0.5103,   -0.4732,   -0.3860,   -0.7308,   -0.6990,   -0.7056,   -0.3857,    0.1048,   -0.6987,   -0.7368,    0.1020,    0.2941,    0.2778,    0.0152,
    0.2000,   -0.4450,   -0.5103,   -0.4732,   -0.3860,   -0.7308,   -0.6990,   -0.7056,   -0.3857,    0.1048,   -0.7000,   -0.7368,    0.1020,   -0.0588,    0.1111,    0.0421,
    0.2000,   -0.4450,   -0.5103,   -0.4732,   -0.3860,   -0.7308,   -0.5035,   -0.6244,   -0.3000,    0.2571,   -0.9250,   -0.2895,    0.1020,   -0.4706,   -0.3333,    0.0948,
    0.2000,   -0.1309,   -0.5103,   -0.4732,   -0.3860,   -0.7692,   -0.6284,   -0.7056,   -0.3857,    0.1048,   -0.7000,   -0.7368,    0.1020,   -0.0588,    0.1111,    0.0371,
    0.2000,   -0.1309,   -0.5103,   -0.4732,   -0.3860,   -0.7692,   -0.6113,   -0.7056,   -0.3857,    0.1048,   -0.7000,   -0.7368,    0.1020,   -0.0588,    0.1111,    0.0526,
    0.2000,   -0.1309,   -0.5103,   -0.4732,   -0.3860,   -0.7692,   -0.6113,   -0.7056,   -0.3857,    0.1048,   -0.7000,   -0.7368,    0.1020,   -0.0588,    0.1111,    0.0832,
   -0.6000,   -0.5288,    0.1517,    0.0894,   -0.2456,    1.0000,   -0.1877,   -0.3807,    0.1429,    0.3238,   -0.8125,   -0.4737,   -0.3061,   -0.4706,   -0.3333,    0.1270,
    1.0000,   -0.1623,   -0.3586,    0.0439,    0.0526,   -0.8462,    0.0264,   -0.0355,    0.5143,    0.7429,   -1.0000,    0.2763,   -0.3061,   -0.7647,   -0.6667,    0.2621,
    0.6000,   -0.2461,   -1.0000,   -0.8862,   -0.3684,   -0.7308,   -0.8254,   -0.6853,   -0.4714,    0.2762,   -0.6750,   -0.8684,   -0.4694,    1.0000,    1.0000,    0.0455,
    0.6000,   -0.2461,   -1.0000,   -0.8862,   -0.3684,   -0.7308,   -0.7432,   -0.6853,   -0.4714,    0.2762,   -0.7250,   -0.6316,    0.5102,   -0.0588,    0.1111,    0.0580,
    0.2000,   -0.6230,   -0.5103,   -0.7106,   -0.3509,   -0.3846,   -0.7292,   -0.8173,   -0.4714,   -0.0476,   -0.6125,   -0.8421,    0.1020,    0.3529,    0.3333,    0.0094,
    0.2000,   -0.6230,   -0.5103,   -0.7106,   -0.3509,   -0.3846,   -0.6493,   -0.6853,   -0.4714,    0.2762,   -0.7250,   -0.6316,    0.5102,   -0.1176,   -0.1111,    0.0471,
    0.2000,   -0.6230,   -0.5103,   -0.7106,   -0.3509,   -0.3846,   -0.6369,   -0.6853,   -0.4714,    0.2762,   -0.7250,   -0.6316,    0.5102,   -0.1176,   -0.1111,    0.0672,
   -0.2000,   -0.5288,   -0.3172,   -0.2748,   -0.3509,   -0.0192,   -0.5950,   -0.6853,   -0.4714,    0.2762,   -0.7250,   -0.6316,    0.5102,   -0.1176,   -0.1111,    0.0727,
   -0.2000,   -0.8639,   -0.3172,   -0.4797,   -0.3684,    0.7115,   -0.5842,   -0.6853,   -0.4571,    0.2762,   -0.7250,   -0.6316,    0.5102,   -0.1176,   -0.1111,    0.0727,
   -0.2000,   -0.5707,   -0.3172,   -0.1415,   -0.1404,   -0.2500,   -0.4197,   -0.5025,   -0.1286,    0.4381,   -0.7500,   -0.5000,    0.3469,   -0.2941,   -0.1667,    0.0928,
   -0.2000,   -0.5707,   -0.3172,   -0.1415,   -0.1404,   -0.2500,   -0.3786,   -0.5025,   -0.1286,    0.4381,   -0.7500,   -0.5000,    0.3469,   -0.2941,   -0.1667,    0.1328,
   -0.2000,   -0.7906,   -0.3172,    0.1154,   -0.1404,   -0.0962,   -0.3670,   -0.5025,   -0.1286,    0.4381,   -0.7500,   -0.5000,    0.3469,   -0.2941,   -0.1667,    0.1245,
   -0.2000,   -0.7906,   -0.3172,    0.1154,   -0.6140,   -0.0962,   -0.3142,   -0.5025,   -0.1286,    0.4381,   -0.7500,   -0.5000,    0.3469,   -0.2941,   -0.1667,    0.1729,
   -0.2000,   -0.7906,   -0.3172,    0.1154,   -0.1404,   -0.0962,   -0.2420,   -0.5025,   -0.1286,    0.4381,   -0.7500,   -0.3026,    0.3469,   -0.4706,   -0.4444,    0.2614,
    0.2000,   -0.5602,   -0.3172,   -0.0894,    0.0000,   -0.6923,   -0.3755,   -0.5025,   -0.1286,    0.4381,   -0.7375,   -0.3158,    0.1020,   -0.4118,   -0.2778,    0.1746,
   -0.2000,   -0.1623,    0.8207,    0.9024,    0.6316,   -0.3462,    1.0000,    1.0000,    0.5571,    1.0000,   -0.8625,    0.6842,   -0.5102,   -1.0000,   -0.9444,    0.9063,
    0.2000,   -0.5916,   -0.5517,   -0.4146,   -0.3158,   -0.0962,   -0.6881,   -0.6954,   -0.3000,    0.0286,   -0.7500,   -0.7368,   -0.3061,   -0.1176,   -0.2778,    0.0026,
    0.2000,   -0.5916,   -0.5517,   -0.4146,   -0.3158,   -0.0962,   -0.6804,   -0.6954,   -0.3000,    0.0286,   -0.7500,   -0.7368,   -0.3061,   -0.0588,    0.1111,    0.0326,
    0.2000,   -0.5916,   -0.5517,   -0.4146,   -0.3158,   -0.0962,   -0.6765,   -0.6954,   -0.3000,    0.0286,   -0.7500,   -0.7368,   -0.3061,   -0.0588,    0.1111,    0.0560,
    0.2000,   -0.4974,   -0.5517,   -0.1642,   -0.3158,   -0.0962,   -0.6455,   -0.6954,   -0.3000,    0.0286,   -0.7500,   -0.7368,   -0.3061,   -0.0588,    0.1111,    0.0527,
    0.2000,   -0.4974,   -0.5517,   -0.1642,   -0.3158,   -0.0962,   -0.6416,   -0.6954,   -0.2286,    0.0286,   -0.7500,   -0.7368,   -0.3061,   -0.0588,    0.1111,    0.0761,
    0.2000,   -0.3298,   -0.1586,    0.1935,    0.0877,   -0.1731,   -0.3041,   -0.3807,    0.2143,    0.2571,   -0.8000,   -0.5263,   -0.4694,   -0.3529,   -0.2222,    0.1245,
   -0.2000,   -0.4764,   -0.1586,    0.1935,    0.0877,    0.1731,   -0.2847,   -0.3807,    0.2143,    0.2571,   -0.8000,   -0.5263,   -0.4694,   -0.3529,   -0.2222,    0.1128,
    0.2000,   -0.3298,   -0.1586,    0.1935,    0.0877,   -0.1731,   -0.3041,   -0.3807,    0.2143,    0.2571,   -0.8000,   -0.5263,   -0.4694,   -0.3529,   -0.2222,    0.1829,
   -0.2000,   -0.4764,   -0.1586,    0.1935,    0.0877,    0.1731,   -0.2847,   -0.3807,    0.2143,    0.2571,   -0.8000,   -0.5263,   -0.4694,   -0.3529,   -0.2222,    0.1713,
   -0.2000,   -0.4764,   -0.1586,    0.1935,    0.0877,    0.1731,   -0.2731,   -0.3807,    0.2143,    0.2571,   -0.8000,   -0.5263,   -0.4694,   -0.3529,   -0.2222,    0.2047,
   -0.2000,   -0.4450,    0.2621,    0.1024,    0.0175,   -0.0385,   -0.0830,   -0.1980,    0.7429,    0.0381,   -0.8750,   -0.0526,   -0.3061,   -0.7647,   -0.5000,    0.4396,
   -0.6000,   -0.7068,    0.6138,    0.6195,    0.7544,    0.3654,    0.5725,    0.2386,    0.4857,    0.4952,    0.8125,   -0.0132,   -0.8367,   -0.5882,   -0.6111,    0.6825,
   -0.6000,   -0.7068,    0.6138,    0.6195,    0.7544,    0.7885,    0.7548,    0.2386,    0.4857,    0.4952,    0.8125,   -0.0132,   -0.8367,   -0.5882,   -0.6111,    0.7726,
   -0.2000,   -0.7068,    0.3862,    0.5089,    0.7544,    0.0577,    0.5570,    0.2386,    0.4857,    0.4952,    0.8125,   -0.0132,   -0.8367,   -0.5882,   -0.6111,    0.7702,
   -0.6000,   -0.7068,    1.0000,    1.0000,    1.0000,    0.3269,    0.7704,    0.2386,    0.4857,    0.4952,    0.8125,   -0.0132,   -0.8367,   -0.5882,   -0.6111,    0.8846,
    1.0000,   -0.1937,   -0.3103,    0.2748,    0.7895,   -0.7308,    0.7044,    0.7563,    0.3143,   -0.0190,   -0.8375,    0.4079,   -0.5102,   -0.9412,   -1.0000,    1.0000,
    0.6000,    0.0052,   -0.5103,   -0.4732,   -0.2807,   -0.7308,   -0.6664,   -0.6853,   -0.3857,    0.1048,   -0.7000,   -0.7368,    0.1020,    0.2941,    0.2778,    0.0091,
    0.6000,    0.0052,   -0.5103,   -0.4732,   -0.2807,   -0.7308,   -0.6462,   -0.6853,   -0.3857,    0.1048,   -0.7000,   -0.7368,    0.1020,   -0.0588,    0.1111,    0.0358,
    0.6000,    0.0052,   -0.5103,   -0.4732,   -0.2807,   -0.7308,   -0.5997,   -0.6853,   -0.3857,    0.1048,   -0.7000,   -0.7368,    0.1020,   -0.0588,    0.1111,    0.0518,
    0.2000,    0.0052,   -0.5586,   -0.4732,   -0.3860,   -0.7308,   -0.4903,   -0.6244,   -0.3000,    0.2571,   -0.9250,   -0.2895,    0.1020,   -0.4706,   -0.3333,    0.0859,
    1.0000,   -0.0785,   -0.3310,    0.0374,   -0.1053,   -1.0000,   -0.3157,   -0.5025,   -0.1000,    0.3238,   -0.9375,   -0.1053,    0.1020,   -0.5294,   -0.3333,    0.1617,
    1.0000,   -0.0785,   -0.3310,    0.0374,   -0.1053,   -1.0000,   -0.3483,   -0.3807,    0.1571,    0.3238,   -0.8125,   -0.4737,   -0.3061,   -0.4118,   -0.2222,    0.1129,
    0.2000,   -0.3717,   -0.3310,    0.0179,   -0.1053,   -0.5769,   -0.3196,   -0.3807,    0.1571,    0.3238,   -0.8125,   -0.4737,   -0.3061,   -0.4118,   -0.2222,    0.0625,
    0.2000,   -0.3717,   -0.3310,    0.0179,   -0.1053,   -0.5769,   -0.2886,   -0.3807,    0.1571,    0.3238,   -0.8125,   -0.4737,   -0.3061,   -0.4118,   -0.2222,    0.1026,
    0.2000,   -0.3717,   -0.3310,    0.0179,   -0.1053,   -0.5769,   -0.2901,   -0.5025,   -0.1000,    0.3238,   -0.9375,   -0.1053,    0.1020,   -0.5294,   -0.3333,    0.1390,
   -0.6000,   -0.2461,   -0.3310,    0.0179,   -0.1053,   -0.5769,   -0.2901,   -0.5025,   -0.1000,    0.3238,   -0.9375,   -0.1053,    0.1020,   -0.5294,   -0.3333,    0.1390,
    0.2000,   -0.3403,   -0.4552,   -0.2130,   -0.3860,   -0.0192,   -0.6889,   -0.6345,   -0.1286,    0.1619,   -0.7000,   -0.7237,   -0.1429,   -0.0588,    0.0556,    0.0127,
    0.2000,   -0.3403,   -0.4552,   -0.2130,   -0.3860,   -0.0192,   -0.5896,   -0.5736,   -0.3571,    0.3333,    0.8625,   -0.9079,   -0.4694,    0.7647,    0.7778,    0.0662,
    0.2000,   -0.3403,   -0.4552,   -0.2130,   -0.3860,   -0.0192,   -0.6664,   -0.6345,   -0.1286,    0.1619,   -0.7000,   -0.7237,   -0.1429,   -0.0588,    0.0556,    0.0511,
    0.2000,   -0.4031,   -0.4552,   -0.2130,   -0.3860,   -0.0192,   -0.6509,   -0.6345,   -0.1286,    0.1619,   -0.7000,   -0.7237,   -0.1429,   -0.0588,    0.0556,    0.0578,
    0.2000,   -0.6021,   -0.4552,   -0.0537,   -0.3860,   -0.2115,   -0.5842,   -0.6345,   -0.1286,    0.1619,   -0.7000,   -0.7237,   -0.1429,   -0.0588,    0.0556,    0.0745,
    0.2000,   -0.3403,   -0.4552,   -0.2130,   -0.3860,   -0.0192,   -0.6408,   -0.6345,   -0.1286,    0.1619,   -0.7000,   -0.7237,   -0.1429,   -0.0588,    0.0556,    0.0729,
    0.2000,   -0.3403,   -0.4552,   -0.2033,   -0.3860,   -0.2500,   -0.5811,   -0.6345,   -0.1286,    0.1619,   -0.7000,   -0.7237,   -0.1429,   -0.0588,    0.0556,    0.0896,
    0.2000,   -0.4031,   -0.4552,   -0.2130,   -0.3860,   -0.0192,   -0.6253,   -0.6345,   -0.1286,    0.1619,   -0.7000,   -0.7237,   -0.1429,   -0.0588,    0.0556,    0.0795,
    0.2000,   -0.6021,   -0.4552,   -0.0537,   -0.3860,   -0.2115,   -0.5741,   -0.6345,   -0.1286,    0.1619,   -0.7000,   -0.7237,   -0.1429,   -0.0588,    0.0556,    0.0962,
    0.6000,    0.0785,   -0.4138,   -0.3073,   -0.3860,   -0.2500,   -0.5966,   -0.6345,   -0.1286,    0.1619,   -0.7000,   -0.7237,   -0.1429,   -0.0588,    0.0556,    0.1046,
   -0.2000,   -0.5707,   -0.2690,    0.0504,   -0.1404,    0.0192,   -0.3514,   -0.4010,    0.1286,    0.3333,   -0.8125,   -0.3553,   -0.1429,   -0.2941,   -0.1111,    0.1280,
   -0.2000,   -0.5707,   -0.2690,    0.0504,   -0.1404,    0.0192,   -0.3685,   -0.4010,    0.1286,    0.3333,   -0.8125,   -0.3553,   -0.1429,   -0.2941,   -0.1111,    0.1480,
   -0.2000,   -0.3403,   -0.0483,    0.3203,    0.0877,    0.0962,    0.2467,    0.2183,    0.2714,    0.1429,   -0.7500,    0.3684,   -0.1429,   -0.8824,   -0.7778,    0.2799,
   -0.2000,   -0.5497,   -0.0483,    0.4146,    0.0877,    0.2885,    0.4026,    0.2183,    0.2714,    0.1429,   -0.7500,    0.3684,   -0.1429,   -0.8824,   -0.7778,    0.3100,
   -0.2000,   -0.5497,   -0.0483,    0.4146,    0.0877,    0.0962,    0.2196,    0.2183,    0.2714,    0.1429,   -0.7500,    0.3684,   -0.1429,   -0.7647,   -0.6111,    0.2799,
    1.0000,    0.3508,   -0.6759,   -0.0374,    0.3333,   -0.9423,    0.2281,    0.2183,    0.2714,    0.1429,   -0.7500,    0.4737,   -0.1429,   -0.7647,   -0.6111,    0.4035,
    1.0000,    0.3508,   -0.6759,   -0.0374,    0.3333,   -0.9423,    0.2808,    0.2183,    0.2714,    0.1429,   -0.9000,    1.0000,   -0.1429,   -0.8824,   -0.7222,    0.4870,
    0.2000,    0.7382,   -0.1310,    0.2163,    0.3333,   -0.9423,    0.2808,    0.2183,    0.2714,    0.1429,   -0.7500,    0.4737,   -0.1429,   -0.7647,   -0.6111,    0.4436,
   -0.2000,    0.0052,    0.4690,    0.4829,    0.4211,    0.4038,    0.1885,   -0.4010,    0.3143,    0.0667,   -0.8250,   -0.3553,   -0.3061,   -0.7647,   -0.6667,    0.2265,
   -0.2000,    0.0052,    0.4690,    0.4829,    0.4211,    0.4038,    0.3258,   -0.0761,    0.6571,    0.3810,    0.7500,   -0.3816,   -1.0000,   -0.2353,   -0.1667,    0.2700,
   -0.2000,    0.0052,    0.4690,    0.4829,    0.4211,    0.4038,    0.2312,   -0.4010,    0.3143,   -0.8857,   -0.8250,   -0.3816,   -0.3061,   -0.7647,   -0.6667,    0.3495,
   -0.2000,    0.0052,    0.4690,    0.4829,    0.4211,    0.4038,    0.3685,   -0.0761,    0.6571,    0.3810,    0.7500,   -0.3816,   -1.0000,   -0.2353,   -0.1667,    0.3935,
   -0.2000,    0.0052,    0.4690,    0.4829,    0.4211,    0.4038,    0.2312,   -0.4010,    0.3143,    0.0667,   -0.8250,   -0.3553,   -0.3061,   -0.7647,   -0.6667,    0.3845,
   -0.2000,    0.0052,    0.4690,    0.4829,    0.4211,    0.4038,    0.3685,   -0.0761,    0.6571,    0.3810,    0.7500,   -0.3816,   -1.0000,   -0.2353,   -0.1667,    0.4286,
   -0.2000,    0.0052,    0.4759,    0.4829,    0.4035,    0.2692,    0.2739,   -0.2589,    0.5286,    0.0857,   -1.0000,    0.2368,    0.1837,   -0.8235,   -0.6667,    0.4353,
    0.2000,   -0.4346,   -0.5103,   -0.4732,   -0.3860,   -0.7308,   -0.6664,   -0.7056,   -0.3857,    0.1048,   -0.7000,   -0.7368,    0.1020,    0.2941,    0.2778,    0.0152,
    0.2000,   -0.4346,   -0.5103,   -0.4732,   -0.3860,   -0.7308,   -0.5035,   -0.6244,   -0.3000,    0.2571,   -0.9250,   -0.2895,    0.1020,   -0.4706,   -0.3333,    0.0948,
    0.2000,   -0.0681,   -0.5103,   -0.4732,   -0.3860,   -0.7692,   -0.6284,   -0.7056,   -0.3857,    0.1048,   -0.7000,   -0.7368,    0.1020,   -0.0588,    0.1111,    0.0371,
    0.2000,   -0.0681,   -0.5103,   -0.1480,   -0.3860,   -0.7308,   -0.6113,   -0.7056,   -0.3857,    0.1048,   -0.7000,   -0.7368,    0.1020,   -0.0588,    0.1111,    0.0526,
    0.2000,   -0.0681,   -0.5103,   -0.1480,   -0.3860,   -0.7308,   -0.4546,   -0.6244,   -0.3857,    0.1048,   -0.7000,   -0.7368,    0.1020,   -0.0588,    0.1111,    0.0832,
   -0.6000,   -0.9058,    0.1517,    0.0894,   -0.2456,    1.0000,   -0.1877,   -0.3807,    0.1571,    0.3238,   -0.8125,   -0.4737,   -0.3061,   -0.4706,   -0.3333,    0.1270,
    1.0000,    0.2670,   -0.4552,   -0.0959,    0.4035,   -0.8462,    0.0008,   -0.0863,    1.0000,   -0.0095,   -0.6875,    0.2500,    0.1020,   -0.7647,   -0.5000,    0.5645,
    1.0000,   -0.1099,   -0.1379,    0.4797,    0.0877,    0.2885,   -0.0923,   -0.3909,    0.4286,   -0.0476,   -0.7112,   -0.1842,   -0.1020,   -0.6471,   -0.4444,    0.2249,
    0.6000,   -0.5916,   -0.1379,    0.4797,    0.0877,    0.2885,   -0.0636,   -0.3909,    0.4286,   -0.0476,   -0.7125,   -0.1842,   -0.1020,   -0.6471,   -0.4444,    0.2356,
    1.0000,   -0.1099,   -0.1379,    0.4797,    0.0877,    0.2885,   -0.0543,   -0.3909,   -1.0000,   -1.0000,   -0.7125,   -0.1842,   -0.1020,   -0.6471,   -0.4444,    0.3314,
    0.6000,   -0.5916,   -0.1379,    0.4797,    0.0877,    0.2885,   -0.0147,   -0.3909,    0.4286,   -0.0476,   -0.7125,   -0.1842,   -0.1020,   -0.6471,   -0.4444,    0.3471,
    1.0000,   -0.1099,   -0.1379,    0.4797,    0.0877,    0.2885,    0.0240,   -0.3909,    0.4286,   -0.0476,   -0.7500,    0.4737,    0.1020,   -0.7647,   -0.5556,    0.4353,
    0.6000,   -0.5916,   -0.1379,    0.4797,    0.0877,    0.2885,    0.0543,   -0.3909,    0.4286,   -0.0476,   -0.7500,    0.4737,    0.1020,   -0.7647,   -0.5556,    0.4510,
    0.6000,   -0.8115,   -0.5103,   -0.4862,   -0.4561,   -0.1731,   -0.5640,   -0.6345,    0.5429,   -0.7238,   -0.7500,   -0.7237,   -0.3878,   -0.0588,    0.0000,    0.0000,
    0.6000,   -0.8115,   -0.5103,   -0.4537,   -0.4211,   -0.1731,   -0.5097,   -0.5228,    0.5429,   -0.4571,   -0.7875,   -0.6711,   -0.7959,   -0.3529,   -0.2778,    0.0646,
    0.6000,   -0.8115,   -0.5379,   -0.4732,   -0.3860,    0.2115,   -0.4166,   -0.5228,    0.5429,   -0.4571,   -0.7875,   -0.6711,   -0.7959,   -0.3529,   -0.2778,    0.0830,
   -0.2000,   -0.6126,   -0.2690,    0.0049,   -0.1053,   -0.4038,   -0.4903,   -0.5228,    0.5429,   -0.4571,   -0.6875,   -0.5526,   -0.4694,    0.0000,    0.0556,    0.0671,
   -0.2000,   -0.6126,   -0.2690,    0.0049,   -0.1053,   -0.4038,   -0.4554,   -0.5228,    0.5429,   -0.4571,   -0.6875,   -0.5526,   -0.7959,   -0.2353,   -0.1667,    0.0888,
   -0.2000,   -0.6126,   -0.2690,    0.0049,   -0.1053,   -0.4038,   -0.3390,   -0.5228,    0.5429,   -0.4571,   -0.7500,   -0.3947,   -0.1429,   -0.3529,   -0.2222,    0.1617,
   -0.2000,   -0.6126,   -0.2828,    0.0049,   -0.1053,   -0.0577,   -0.3041,   -0.5228,    0.5429,   -0.4571,   -0.7500,   -0.5526,   -0.4694,   -0.4706,   -0.6111,    0.1375,
   -0.2000,   -0.6126,   -0.2828,    0.0049,   -0.1053,   -0.0577,   -0.2071,   -0.5228,    0.5429,   -0.4571,   -0.9125,   -0.1711,   -0.4694,   -0.4706,   -0.3889,    0.2051,
   -0.2000,   -0.7487,   -0.2828,    0.0537,   -0.1053,   -0.3077,   -0.3778,   -0.5228,    0.5429,   -0.4571,   -0.7500,   -0.5526,   -0.4694,   -0.2353,   -0.2222,    0.0783,
   -0.2000,   -0.7487,   -0.2828,    0.0537,   -0.1053,   -0.3077,   -0.2498,   -0.5228,    0.5429,   -0.4571,   -0.7500,   -0.3947,   -0.1429,   -0.4118,   -0.2778,    0.1697,
   -0.2000,   -0.7906,   -0.2897,    0.0569,   -0.1053,    0.0577,   -0.2770,   -0.5228,    0.5429,   -0.4571,   -0.7500,   -0.5526,   -0.4694,   -0.5294,   -0.3889,    0.0967,
   -0.2000,   -0.7906,   -0.2897,    0.0569,   -0.1053,    0.0577,   -0.0985,   -0.5228,    0.5429,   -0.4571,   -0.9125,   -0.1711,   -0.4694,   -0.5294,   -0.7222,    0.2197,
    0.2000,   -0.7696,   -0.3724,   -0.4276,   -0.4211,   -0.0192,   -0.6144,   -0.6853,   -0.2714,   -0.0857,   -0.7500,   -0.8158,   -0.4694,    0.1765,    0.1667,    0.0077,
    0.2000,   -0.7696,   -0.3724,   -0.4276,   -0.4211,   -0.0192,   -0.5718,   -0.6853,   -0.2714,   -0.0857,   -0.7500,   -0.8158,   -0.4694,   -0.0588,    0.1111,    0.0408,
    0.2000,   -0.9058,   -0.3724,   -0.4276,   -0.4211,   -0.0192,   -0.5912,   -0.6853,   -0.2714,   -0.0857,   -0.7500,   -0.8158,   -0.4694,   -0.0588,    0.1111,    0.0458,
   -0.2000,   -0.8743,   -0.3724,   -0.0699,   -0.4211,    0.8654,   -0.3856,   -0.6853,   -0.2714,   -0.0857,   -0.7500,   -0.8158,   -0.4694,   -0.0588,    0.0556,    0.0601,
   -0.2000,   -0.8325,   -0.3724,   -0.0699,   -0.4211,    0.8654,   -0.3778,   -0.6853,   -0.2714,   -0.0857,   -0.7500,   -0.8158,   -0.4694,   -0.2941,   -0.2222,    0.0929,
   -0.2000,   -0.7277,   -0.3724,   -0.0699,   -0.4211,    0.8654,    0.2583,   -0.6853,   -0.2714,   -0.0857,   -0.7500,   -0.8158,   -0.4694,   -0.2941,   -0.2222,    0.1223,
   -0.2000,   -0.7277,   -0.3724,   -0.1805,   -0.2807,   -0.3077,   -0.5400,   -0.6244,   -0.0714,   -0.0857,   -0.7500,   -0.7105,   -0.4694,   -0.1176,    0.0556,    0.0608,
   -0.2000,   -0.7277,   -0.3724,   -0.1805,   -0.2807,   -0.3462,   -0.5182,   -0.6244,   -0.0714,   -0.0857,   -0.7500,   -0.7105,   -0.4694,   -0.1176,    0.0556,    0.0695,
   -0.2000,   -0.7277,   -0.3724,   -0.1805,   -0.2807,   -0.3077,   -0.3894,   -0.5025,    0.0429,    0.2190,    0.9375,   -0.8947,   -0.7143,    0.1176,    0.0000,    0.0929,
   -0.2000,   -0.7277,   -0.3724,   -0.1805,   -0.2807,   -0.3462,   -0.3894,   -0.5025,    0.0429,    0.2190,    0.9375,   -0.8947,   -0.7143,    0.3529,    0.6111,    0.0892,
   -0.2000,   -0.7277,   -0.3724,   -0.1805,   -0.2807,   -0.3077,   -0.5299,   -0.6244,   -0.0714,   -0.0857,   -0.7500,   -0.7105,   -0.4694,    0.3529,    0.6111,    0.0875,
   -0.2000,   -0.7277,   -0.3724,   -0.1805,   -0.2807,   -0.3462,   -0.5081,   -0.6244,   -0.0714,   -0.0857,   -0.7500,   -0.7105,   -0.4694,   -0.2353,   -0.1111,    0.1082,
   -0.2000,   -0.7277,   -0.3724,   -0.1805,   -0.2807,   -0.3462,   -0.4942,   -0.6244,   -0.0714,   -0.0857,   -0.7500,   -0.7105,   -0.4694,   -0.2353,   -0.1111,    0.1383,
    0.2000,    0.0785,   -0.4552,   -0.1024,   -0.3509,   -0.3846,   -0.4717,   -0.6244,   -0.0714,   -0.0857,   -0.7500,   -0.7105,   -0.4694,   -0.1765,   -0.1111,    0.0982,
    0.2000,    0.0785,   -0.4552,   -0.1024,   -0.3509,   -0.3846,   -0.4445,   -0.6244,   -0.0714,   -0.0857,   -0.7500,   -0.7105,   -0.4694,   -0.1765,   -0.1111,    0.1042,
    0.2000,    0.0785,   -0.4552,   -0.1024,   -0.3509,   -0.3846,   -0.3972,   -0.6244,    0.0000,   -0.0381,   -0.7000,   -0.1579,    1.0000,   -0.3529,   -0.3889,    0.1396,
    0.2000,    0.0785,   -0.4552,   -0.1024,   -0.3509,   -0.3846,   -0.3701,   -0.6244,    0.0000,   -0.0381,   -0.7000,   -0.1579,    1.0000,   -0.3529,   -0.3889,    0.1476,
    0.6000,   -0.2775,   -0.1862,    0.1415,   -0.0702,   -0.5000,   -0.1839,   -0.1371,    0.5429,    0.3619,   -0.7125,   -0.1053,   -0.4694,   -0.4706,   -0.3333,    0.1113,
    0.6000,   -0.2775,   -0.1862,    0.1415,   -0.0702,   -0.5000,   -0.1870,   -0.1371,    0.5429,    0.3619,   -0.7125,   -0.1053,   -0.4694,   -0.4706,   -0.3333,    0.1510,
    0.6000,   -0.2775,   -0.1862,    0.1415,   -0.0702,   -0.5000,   -0.1753,   -0.1371,    0.5429,    0.3619,   -0.7125,   -0.1053,   -0.4694,   -0.4706,   -0.3333,    0.1627,
    0.6000,   -0.2775,   -0.1862,    0.1415,   -0.0702,   -0.5000,   -0.0760,   -0.1371,    0.5429,    0.3619,   -0.7125,   -0.1053,   -0.4694,   -0.4706,   -0.3333,    0.2031,
    0.6000,   -0.2775,   -0.1862,    0.1415,   -0.0702,   -0.5000,   -0.0489,   -0.1371,    0.5429,    0.3619,   -0.7125,   -0.1053,   -0.4694,   -0.4706,   -0.3333,    0.2148,
    0.6000,   -0.2775,   -0.1862,    0.1415,   -0.0702,   -0.3077,    0.1536,   -0.1371,    0.5429,    0.3619,   -0.7125,   -0.1053,   -0.4694,   -0.4706,   -0.3333,    0.4192,
   -0.6000,   -1.0000,    0.0897,    0.1220,    0.0877,    0.0577,   -0.3499,   -0.3807,    0.1000,    0.4000,   -0.7875,   -0.4211,   -0.9592,   -0.1765,   -0.1111,    0.1279,
   -0.6000,   -1.0000,    0.0897,    0.1220,    0.0877,    0.0577,   -0.2304,   -0.5025,    0.0429,    0.2190,    0.9375,   -0.6711,   -0.7143,   -0.1176,   -0.1667,    0.1864,
   -0.6000,   -1.0000,    0.0897,    0.1220,    0.0877,   -0.1346,   -0.2816,   -0.3807,    0.1000,    0.4000,   -0.7875,   -0.4211,   -0.9592,   -0.2941,   -0.2222,    0.1627,
   -0.6000,   -1.0000,    0.0897,    0.1220,    0.0877,    0.0577,   -0.2816,   -0.3807,    0.1000,    0.4000,   -0.7875,   -0.4211,   -0.9592,   -0.2941,   -0.2222,    0.1931,
   -0.6000,   -1.0000,    0.0897,    0.1220,    0.0877,   -0.1346,   -0.2475,   -0.3807,    0.1000,    0.4000,   -0.7875,   -0.4211,   -0.9592,   -0.2941,   -0.2222,    0.2048,
    1.0000,    0.3822,    0.1241,    0.3789,    0.2982,   -0.5000,    0.1544,    0.1168,    0.0429,    0.2190,   -0.7125,    0.4868,   -0.1429,   -0.7059,   -0.6667,    0.3821,
    1.0000,    0.3822,    0.1241,    0.3789,    0.2982,   -0.5000,    0.1854,    0.1168,    0.0429,    0.2190,   -0.7125,    0.4868,   -0.1429,   -0.7647,   -0.6667,    0.3634,
   -0.6000,   -0.7382,    0.2345,    0.5187,    0.0877,   -0.0962,    0.2746,    0.1168,    0.0429,    0.2190,   -0.7250,    0.4211,   -0.1429,   -0.7059,   -0.6667,    0.3531,
    0.6000,   -0.4031,   -0.2621,   -0.0049,   -0.0877,    0.2115,   -0.4003,   -0.6345,   -0.3286,    0.2667,    1.0000,   -0.9474,   -0.4694,    0.2941,    0.5556,    0.0888,
    0.6000,   -0.4031,   -0.2621,   -0.0049,   -0.0877,    0.2115,   -0.4407,   -0.5127,   -0.0714,    0.2667,   -0.7500,   -0.5132,   -0.1020,   -0.2941,   -0.1111,    0.0954,
    0.6000,   -0.6963,   -0.2621,   -0.0049,   -0.0877,    0.2115,   -0.3980,   -0.6345,   -0.3286,    0.2667,    1.0000,   -0.9474,   -0.4694,    0.2941,    0.5556,    0.0961,
    0.6000,   -0.6963,   -0.2621,   -0.0049,   -0.0877,    0.2115,   -0.4383,   -0.5127,   -0.0714,    0.2667,   -0.7500,   -0.5132,   -0.1020,   -0.2941,   -0.1111,    0.1028,
    0.6000,   -0.6963,   -0.2621,   -0.0049,   -0.0877,    0.2115,   -0.3894,   -0.5127,   -0.0714,    0.2667,   -0.7500,   -0.5132,   -0.1020,   -0.2941,   -0.1111,    0.1128,
    0.6000,   -0.6963,   -0.2621,   -0.0049,   -0.0877,    0.2115,   -0.3553,   -0.6345,   -0.3286,    0.2667,    1.0000,   -0.7368,   -0.7143,    0.2941,    0.3333,    0.1462,
    0.6000,   -0.6963,   -0.2621,   -0.0049,   -0.0877,    0.2115,   -0.3701,   -0.5127,   -0.0714,    0.2667,   -0.6250,   -0.3158,    0.1020,   -0.3529,   -0.2222,    0.1629,
    1.0000,    1.0000,   -0.4552,   -0.2000,   -0.3509,   -0.6154,   -0.4313,   -0.5127,   -0.0714,    0.2667,   -0.8125,   -0.4474,    0.1020,   -0.4706,   -0.3889,    0.1624,
   -1.0000,   -0.6021,    0.2207,    0.5512,    0.2105,    0.3077,    0.1047,   -0.1878,    0.7714,    0.0286,   -0.6875,   -0.1316,    0.0204,   -0.5294,   -0.4444,    0.2613,
   -0.6000,   -0.9058,    0.2207,    0.5512,    0.2105,    0.5577,    0.1994,   -0.1878,    0.7714,    0.0286,   -0.6875,   -0.1316,    0.0204,   -0.5294,   -0.4444,    0.2771,
   -1.0000,   -0.6021,    0.2207,    0.5512,    0.2105,    0.3077,    0.1226,   -0.1878,    0.7714,    0.0286,   -0.6875,   -0.1316,    0.0204,   -0.4706,   -0.4444,    0.3630,
   -0.6000,   -0.9058,    0.2207,    0.5512,    0.2105,    0.5577,    0.2056,   -0.1878,    0.7714,    0.0286,   -0.6875,   -0.1316,    0.0204,   -0.4706,   -0.4444,    0.3807,
   -1.0000,   -0.6021,    0.2207,    0.5512,    0.2105,    0.3077,    0.2079,   -0.2995,    0.5429,    0.0286,   -0.9375,    0.5000,   -0.2245,   -0.8824,   -0.7778,    0.4443,
   -0.6000,   -0.9058,    0.2207,    0.5512,    0.2105,    0.5577,    0.2948,   -0.2995,    0.5429,    0.0286,   -0.9375,    0.5000,   -0.2245,   -0.8824,   -0.7778,    0.4620,
   -0.6000,   -0.6859,    0.5517,    0.5512,    0.5088,    0.1731,    0.1358,   -0.1878,    0.7714,    0.0286,   -0.6875,   -0.1316,    0.0204,   -0.5294,   -0.4444,    0.3917,
   -0.6000,   -0.6859,    0.5517,    0.5512,    0.4912,    0.1731,    0.2110,   -0.1878,    0.7714,    0.0286,   -0.7875,    0.4737,   -0.0612,   -0.7647,   -0.6111,    0.4652,
   -0.6000,   -0.6859,    0.5517,    0.5512,    0.5088,    0.1731,    0.1823,    0.1371,    0.4857,   -0.2381,   -0.7750,    0.1316,    0.1020,   -0.8235,   -0.7222,    0.5467,
   -0.6000,   -0.6859,    0.5517,    0.5512,    0.5088,    0.1731,    0.3413,   -0.1472,   -0.3286,    0.2667,    1.0000,   -0.2368,   -0.4694,   -0.3529,   -0.5000,    0.5796,
   -0.6000,   -0.6859,    0.5517,    0.5512,    0.5088,    0.1731,    0.2211,   -0.1878,    0.7714,    0.0286,   -0.6875,   -0.1316,    0.0204,   -0.7647,   -0.6111,    0.5848,
